10 123 132 148 164 166 577 607 727 781 966
96 343 370 449 478 515 591 716 900 930 951
6 107 286 318 368 380 451 477 600 664
13 95 204 207 225 367 505 552 651 744
102 172 258 500 644 665 688 799 961
142 175 264 423 476 517 672 723 810
9 113 287 413 566 625 722 990
11 235 262 439 485 520 543 864
17 79 131 149 273 491 619 928
68 95 207 367 505 552 651 744
297 317 375 511 530 821 871 893
20 70 120 266 581 740 972
23 75 153 197 771 840 1000
34 45 157 361 660 815 939
40 177 232 481 841 921 946
109 446 450 508 735 845 979
144 174 336 383 588 730 741
290 313 387 397 492 719 926
316 562 570 614 703 833 929
337 428 808 875 878 935 991
52 346 381 557 675 936
61 192 344 537 642 912
134 210 314 391 579 704
156 282 395 731 819 976
257 410 443 575 887 933
304 358 424 454 556 937
421 430 452 503 747 811
16 41 299 356 745
31 48 865 919 932
64 228 519 720 925
77 87 176 595 617
116 325 538 676 742
126 238 466 681 823
154 277 725 830 904
160 376 690 751 822
181 412 733 784 984
183 292 553 667 772
203 211 365 683 867
209 283 335 533 564
219 296 593 608 975
227 456 771 840 1000
295 431 682 764 897
618 680 750 805 980
42 510 601 726
59 345 497 627
65 185 215 881
88 303 339 630
93 544 728 832
108 165 244 433
168 294 507 870
173 363 455 663
188 545 628 710
206 699 767 829
221 301 852 968
249 418 794 995
252 349 603 760
254 418 794 995
300 414 624 983
322 404 501 898
333 565 827 856
334 646 905 945
373 437 569 578
388 873 874 920
516 771 840 1000
18 555 609
30 350 444
35 470 938
55 546 576
56 89 281
187 535 548
251 641 803
255 398 411
309 405 738
331 489 857
563 771 1000
574 687 941
661 713 846
22 707
33 521
60 729
63 276
74 270
78 495
82 965
161 482
170 468
171 222
178 415
184 706
186 773
189 782
193 974
196 208
233 916
234 787
248 261
305 987
308 798
323 488
354 587
407 836
445 775
453 792
459 696
540 956
542 761
554 942
568 903
605 777
631 653
640 674
655 817
656 842
658 879
671 704
700 774
778 790
826 996
866 944
1
2
3
4
5
7
8
12
14
15
19
21
24
25
26
27
28
29
32
36
37
38
39
43
44
46
47
49
50
51
53
54
57
58
62
66
67
69
71
72
73
76
80
81
83
84
85
86
90
91
92
94
97
98
99
100
101
103
104
105
106
110
111
112
114
115
117
118
119
121
122
124
125
127
128
129
130
133
135
136
137
138
139
140
141
143
145
146
147
150
151
152
155
158
159
162
163
167
169
179
180
182
190
191
194
195
198
199
200
201
202
205
212
213
214
216
217
218
220
223
224
226
229
230
231
236
237
239
240
241
242
243
245
246
247
250
253
256
259
260
263
265
267
268
269
271
272
274
275
278
279
280
284
285
288
289
291
293
298
302
306
307
310
311
312
315
319
320
321
324
326
327
328
329
330
332
338
340
341
342
347
348
351
352
353
355
357
359
360
362
364
366
369
371
372
374
377
378
379
382
384
385
386
389
390
392
393
394
396
399
400
401
402
403
406
408
409
416
417
419
420
422
425
426
427
429
432
434
435
436
438
440
441
442
447
448
457
458
460
461
462
463
464
465
467
469
471
472
473
474
475
479
480
483
484
486
487
490
493
494
496
498
499
502
504
506
509
512
513
514
518
522
523
524
525
526
527
528
529
531
532
534
536
539
541
547
549
550
551
558
559
560
561
567
571
572
573
580
582
583
584
585
586
589
590
592
594
596
597
598
599
602
604
606
610
611
612
613
615
616
620
621
622
623
626
629
632
633
634
635
636
637
638
639
643
645
647
648
649
650
652
654
657
659
662
666
668
669
670
673
677
678
679
684
685
686
689
691
692
693
694
695
697
698
701
702
705
708
709
711
712
714
715
717
718
721
724
732
734
736
737
739
743
746
748
749
752
753
754
755
756
757
758
759
762
763
765
766
768
769
770
776
779
780
783
785
786
788
789
791
793
795
796
797
800
801
802
804
806
807
809
812
813
814
816
818
820
824
825
828
831
834
835
837
838
839
843
844
847
848
849
850
851
853
854
855
858
859
860
861
862
863
868
869
872
876
877
880
882
883
884
885
886
888
889
890
891
892
894
895
896
899
901
902
906
907
908
909
910
911
913
914
915
917
918
922
923
924
927
931
934
940
943
947
948
949
950
952
953
954
955
957
958
959
960
962
963
964
967
969
970
971
973
977
978
981
982
985
986
988
989
992
993
994
997
998
999
