891 1541 2246 2919 74 684 1518 1647 1621 1147 2270 1787
961 2466 2572 2189 142 2100 950 1206 1782 1594 444 607
805 1413 327 1830 1098 780 1549 943 2966 2423 186 2079
544 1184 2947 709 2603 2766 1391 433 754 762 318
1826 1931 429 1774 2451 660 1076 1398 1623 1465 604
288 2952 41 1258 2346 2316 1263 337 2069 794
2240 1095 1656 2669 2417 627 1528 665 571 508
352 4 710 969 370 179 2970 1340 1663
836 1545 2729 2283 333 336 2160 2109 1757
2337 2504 2796 1043 1267 2101 2167 2555 479
2812 581 1670 1421 2319 1718 2102 1116 2846
2087 938 2475 590 1362 2610 1015 1242 2431
2179 1960 717 1582 1174 2935 2682 61
1676 2893 622 2929 2099 2612 475 63
2816 71 2057 2026 842 2352 1201 82
1923 966 1031 456 77 1581 1780 124
1442 131 2024 1751 620 1078 118 703
1094 2510 271 2419 1982 123 1980 1534
224 2659 1257 371 211 787 1819 2847
610 1986 292 2311 1324 2447 277 407
2016 962 2755 2340 1543 309 2391 2623
321 1475 1262 2129 1812 2388 1945 636
2662 1453 462 1777 1106 1556 822 1430
2406 2598 2354 2355 1717 504 1948 2845
2592 2979 2060 1204 532 1173 2168 825
1666 1766 1452 1071 658 2740 2871 921
1410 2788 2890 687 2065 2517 1820 1758
1443 1895 1101 910 2413 2353 2715 798
1729 1474 39 1384 1675 2549 1336
898 1091 44 1938 755 792 2010
2563 2731 143 209 55 119 2495
1191 233 1515 1136 753 1624 125
1024 2369 483 1418 2703 2937 156
480 161 549 2185 1973 1334 2975
1323 172 2284 398 786 2708 924
1473 2886 777 174 434 2898 1976
227 2216 1897 1386 2326 2614 188
1958 871 872 1296 2289 439 189
1120 196 2150 748 1300 663 600
1538 2211 420 2823 1181 347 701
1216 1472 421 2181 625 669 350
358 849 1108 2324 2645 2522 894
2560 996 2967 373 2455 796 2558
2754 548 2084 1990 2029 2011 925
2212 2948 1743 1937 562 2325 1118
1988 2152 2539 1133 1585 1396 564
1600 2405 649 2575 976 1397 1498
1316 997 1382 1674 1939 2035 732
741 811 2508 878 1622 1786 1117
2335 774 1643 877 2071 988 1535
262 1942 1559 2200 2428 31
99 1864 46 1361 1425 1406
1504 65 1249 1574 1612 1936
2945 1605 75 1328 2098 315
1671 136 1067 1104 275 94
96 2272 743 1965 1587 2047
418 130 2915 2224 1299 1044
2604 2033 2072 2233 218 702
2031 278 471 2680 1210 797
2912 1289 686 1073 2449 314
1121 1317 392 1772 2348 345
387 1763 2597 2227 761 349
354 1009 1110 2171 2781 2527
2074 356 1005 2867 2103 1914
2787 584 1832 1162 460 2874
1984 2789 2988 1583 1778 511
1701 647 2633 2059 567 1791
706 1803 1681 1276 1143 572
2178 677 2219 591 2800 1371
648 2958 1329 2258 2774 1944
2249 1066 1198 654 2452 1749
1728 1985 2884 1575 728 927
2273 1387 1899 2093 1651 1688
1 1993 2186 302 1918
621 2385 18 185 2206
1924 21 23 440 2780
299 369 1746 2545 28
2695 2125 561 50 2486
1537 73 1233 2004 889
839 145 2837 1911 93
1409 98 2885 466 184
1831 2444 2323 181 477
1314 1099 214 795 1148
2210 2147 236 2220 606
1254 870 1964 1678 243
2467 2287 726 2903 246
256 2121 2991 1392 1007
2688 259 843 2196 1529
673 2756 266 1970 2418
1733 1637 300 2608 401
550 2599 2797 304 2044
2048 2528 2735 306 1399
1570 335 1555 2995 2997
353 1770 2859 890 2556
705 458 363 1805 1567
1446 364 2702 2574 2484
2690 1226 395 1845 2172
2567 2414 1231 435 2685
467 1972 1491 601 1563
560 2896 569 1915 2494
613 1103 1873 2131 2587
1760 643 2892 1871 1237
670 2959 1167 2710 2526
1360 2578 819 723 2454
2914 1401 2768 1141 857
2534 2250 2638 861 863
972 1004 2141 2941 1790
2624 1829 2986 979 991
1092 2505 2361 1119 2943
1633 1253 2182 1286 1100
1699 2531 1227 2062 2961
2053 2282 2667 1490 2516
1669 2996 1883 1532 2366
16 1517 1086 1615
33 1239 1843 1039
40 609 2192 718
48 553 1380 1183
2544 1450 1459 109
640 1223 837 111
328 147 2356 2358
1943 2108 2013 151
538 164 2092 1767
2711 193 1068 1735
200 913 901 1527
2038 225 547 873
442 417 234 1783
781 245 2606 2989
249 322 2689 1327
2269 1225 331 893
827 1050 339 855
344 2177 1251 1405
2880 1748 1684 351
2384 361 2138 1891
552 362 2275 468
880 2785 388 1646
2056 1297 1035 406
1928 1809 2292 414
1194 1963 461 2862
473 1074 860 2265
1795 942 757 478
1423 2442 1062 503
960 2857 2946 519
1576 556 1606 2248
2932 1093 565 1799
656 594 2066 2252
2320 2850 596 1564
2664 626 2944 1910
984 1283 1764 638
2331 657 2930 1835
1321 1138 683 1047
697 1620 2365 1628
713 1811 1228 1375
736 2234 902 2590
2700 749 2822 2191
1013 2843 2629 765
1027 1573 955 773
818 1636 1343 1151
2978 826 3000 2407
850 907 2540 2045
993 858 884 1906
2161 915 869 2015
1900 1625 930 1348
2625 1057 2262 1470
2312 2666 1125 2151
1240 2297 1434 1595
2251 2397 2934 1255
1346 2883 1310 2727
1817 1708 2821 2582
2872 1955 2670 2839
9 58 2493
32 2920 1285
689 35 1478
1305 43 389
49 281 1814
57 2438 566
472 78 62
2008 2360 102
112 289 1214
2803 140 524
168 1017 1084
176 722 360
912 195 1367
203 1157 775
1417 1967 215
2557 226 637
2960 2170 228
882 2163 247
2425 1713 251
257 2869 2518
265 2860 545
1921 269 2831
875 2583 279
280 408 1949
699 1268 319
1326 1907 366
386 2123 2159
410 923 1739
425 1486 2367
474 1683 866
1112 2499 485
521 2651 814
537 2605 2974
2951 588 895
664 1427 2372
682 821 2383
2401 694 759
720 1887 1463
1088 947 751
752 2794 2020
1865 770 2908
776 2747 2581
1512 2140 799
810 1874 2479
944 817 1060
2492 830 2726
928 2683 967
1001 2985 1389
1720 2441 1026
1042 1355 2274
2120 1130 1414
1144 2268 2469
1370 1525 2854
2032 1393 2481
1952 1429 1968
1530 2779 2341
1592 2681 2656
2809 2371 1604
2649 2613 1813
1816 2686 2551
2806 2502 1839
1448 3
1946 7
1339 20
1781 30
1412 52
1496 76
90 2373
1514 115
153 493
2980 157
1187 165
192 282
2876 205
1709 206
220 2229
258 221
229 2733
235 2507
293 1342
1848 310
1685 342
377 1455
1176 381
394 2295
2137 397
449 2276
1154 491
692 495
496 2299
499 2148
680 501
539 1350
555 2204
593 1546
617 1596
633 1627
634 659
2982 662
690 2478
2692 693
698 1052
704 1333
2650 708
716 1927
737 2773
742 1311
1572 783
995 788
2112 789
868 2855
897 2646
1420 909
1356 982
1280 999
1036 1950
1051 1715
2422 1055
1196 1102
1933 1150
2426 1155
1161 1765
1193 2769
2300 1197
1961 1205
2595 1221
2363 1222
1312 1243
2301 1245
2000 1246
1256 2073
2553 1259
2706 1275
1291 1523
1320 1969
1352 2525
2386 1428
1608 1436
2322 1445
1828 1447
1484 2654
1505 1930
1722 1509
1536 2075
2868 1613
1616 2600
1649 1894
2760 1658
2416 1703
1922 1711
1905 1750
1761 2043
1995 1788
1841 2293
2579 1940
2003 2863
2042 2019
2050 2156
2909 2134
2245 2591
2969 2259
2601 2290
2968 2457
2617 2482
2792 2580
2739 2973
2
5
6
8
10
11
12
13
14
15
17
19
22
24
25
26
27
29
34
36
37
38
42
45
47
51
53
54
56
59
60
64
66
67
68
69
70
72
79
80
81
83
84
85
86
87
88
89
91
92
95
97
100
101
103
104
105
106
107
108
110
113
114
116
117
120
121
122
126
127
128
129
132
133
134
135
137
138
139
141
144
146
148
149
150
152
154
155
158
159
160
162
163
166
167
169
170
171
173
175
177
178
180
182
183
187
190
191
194
197
198
199
201
202
204
207
208
210
212
213
216
217
219
222
223
230
231
232
237
238
239
240
241
242
244
248
250
252
253
254
255
260
261
263
264
267
268
270
272
273
274
276
283
284
285
286
287
290
291
294
295
296
297
298
301
303
305
307
308
311
312
313
316
317
320
323
324
325
326
329
330
332
334
338
340
341
343
346
348
355
357
359
365
367
368
372
374
375
376
378
379
380
382
383
384
385
390
391
393
396
399
400
402
403
404
405
409
411
412
413
415
416
419
422
423
424
426
427
428
430
431
432
436
437
438
441
443
445
446
447
448
450
451
452
453
454
455
457
459
463
464
465
469
470
476
481
482
484
486
487
488
489
490
492
494
497
498
500
502
505
506
507
509
510
512
513
514
515
516
517
518
520
522
523
525
526
527
528
529
530
531
533
534
535
536
540
541
542
543
546
551
554
557
558
559
563
568
570
573
574
575
576
577
578
579
580
582
583
585
586
587
589
592
595
597
598
599
602
603
605
608
611
612
614
615
616
618
619
623
624
628
629
630
631
632
635
639
641
642
644
645
646
650
651
652
653
655
661
666
667
668
671
672
674
675
676
678
679
681
685
688
691
695
696
700
707
711
712
714
715
719
721
724
725
727
729
730
731
733
734
735
738
739
740
744
745
746
747
750
756
758
760
763
764
766
767
768
769
771
772
778
779
782
784
785
790
791
793
800
801
802
803
804
806
807
808
809
812
813
815
816
820
823
824
828
829
831
832
833
834
835
838
840
841
844
845
846
847
848
851
852
853
854
856
859
862
864
865
867
874
876
879
881
883
885
886
887
888
892
896
899
900
903
904
905
906
908
911
914
916
917
918
919
920
922
926
929
931
932
933
934
935
936
937
939
940
941
945
946
948
949
951
952
953
954
956
957
958
959
963
964
965
968
970
971
973
974
975
977
978
980
981
983
985
986
987
989
990
992
994
998
1000
1002
1003
1006
1008
1010
1011
1012
1014
1016
1018
1019
1020
1021
1022
1023
1025
1028
1029
1030
1032
1033
1034
1037
1038
1040
1041
1045
1046
1048
1049
1053
1054
1056
1058
1059
1061
1063
1064
1065
1069
1070
1072
1075
1077
1079
1080
1081
1082
1083
1085
1087
1089
1090
1096
1097
1105
1107
1109
1111
1113
1114
1115
1122
1123
1124
1126
1127
1128
1129
1131
1132
1134
1135
1137
1139
1140
1142
1145
1146
1149
1152
1153
1156
1158
1159
1160
1163
1164
1165
1166
1168
1169
1170
1171
1172
1175
1177
1178
1179
1180
1182
1185
1186
1188
1189
1190
1192
1195
1199
1200
1202
1203
1207
1208
1209
1211
1212
1213
1215
1217
1218
1219
1220
1224
1229
1230
1232
1234
1235
1236
1238
1241
1244
1247
1248
1250
1252
1260
1261
1264
1265
1266
1269
1270
1271
1272
1273
1274
1277
1278
1279
1281
1282
1284
1287
1288
1290
1292
1293
1294
1295
1298
1301
1302
1303
1304
1306
1307
1308
1309
1313
1315
1318
1319
1322
1325
1330
1331
1332
1335
1337
1338
1341
1344
1345
1347
1349
1351
1353
1354
1357
1358
1359
1363
1364
1365
1366
1368
1369
1372
1373
1374
1376
1377
1378
1379
1381
1383
1385
1388
1390
1394
1395
1400
1402
1403
1404
1407
1408
1411
1415
1416
1419
1422
1424
1426
1431
1432
1433
1435
1437
1438
1439
1440
1441
1444
1449
1451
1454
1456
1457
1458
1460
1461
1462
1464
1466
1467
1468
1469
1471
1476
1477
1479
1480
1481
1482
1483
1485
1487
1488
1489
1492
1493
1494
1495
1497
1499
1500
1501
1502
1503
1506
1507
1508
1510
1511
1513
1516
1519
1520
1521
1522
1524
1526
1531
1533
1539
1540
1542
1544
1547
1548
1550
1551
1552
1553
1554
1557
1558
1560
1561
1562
1565
1566
1568
1569
1571
1577
1578
1579
1580
1584
1586
1588
1589
1590
1591
1593
1597
1598
1599
1601
1602
1603
1607
1609
1610
1611
1614
1617
1618
1619
1626
1629
1630
1631
1632
1634
1635
1638
1639
1640
1641
1642
1644
1645
1648
1650
1652
1653
1654
1655
1657
1659
1660
1661
1662
1664
1665
1667
1668
1672
1673
1677
1679
1680
1682
1686
1687
1689
1690
1691
1692
1693
1694
1695
1696
1697
1698
1700
1702
1704
1705
1706
1707
1710
1712
1714
1716
1719
1721
1723
1724
1725
1726
1727
1730
1731
1732
1734
1736
1737
1738
1740
1741
1742
1744
1745
1747
1752
1753
1754
1755
1756
1759
1762
1768
1769
1771
1773
1775
1776
1779
1784
1785
1789
1792
1793
1794
1796
1797
1798
1800
1801
1802
1804
1806
1807
1808
1810
1815
1818
1821
1822
1823
1824
1825
1827
1833
1834
1836
1837
1838
1840
1842
1844
1846
1847
1849
1850
1851
1852
1853
1854
1855
1856
1857
1858
1859
1860
1861
1862
1863
1866
1867
1868
1869
1870
1872
1875
1876
1877
1878
1879
1880
1881
1882
1884
1885
1886
1888
1889
1890
1892
1893
1896
1898
1901
1902
1903
1904
1908
1909
1912
1913
1916
1917
1919
1920
1925
1926
1929
1932
1934
1935
1941
1947
1951
1953
1954
1956
1957
1959
1962
1966
1971
1974
1975
1977
1978
1979
1981
1983
1987
1989
1991
1992
1994
1996
1997
1998
1999
2001
2002
2005
2006
2007
2009
2012
2014
2017
2018
2021
2022
2023
2025
2027
2028
2030
2034
2036
2037
2039
2040
2041
2046
2049
2051
2052
2054
2055
2058
2061
2063
2064
2067
2068
2070
2076
2077
2078
2080
2081
2082
2083
2085
2086
2088
2089
2090
2091
2094
2095
2096
2097
2104
2105
2106
2107
2110
2111
2113
2114
2115
2116
2117
2118
2119
2122
2124
2126
2127
2128
2130
2132
2133
2135
2136
2139
2142
2143
2144
2145
2146
2149
2153
2154
2155
2157
2158
2162
2164
2165
2166
2169
2173
2174
2175
2176
2180
2183
2184
2187
2188
2190
2193
2194
2195
2197
2198
2199
2201
2202
2203
2205
2207
2208
2209
2213
2214
2215
2217
2218
2221
2222
2223
2225
2226
2228
2230
2231
2232
2235
2236
2237
2238
2239
2241
2242
2243
2244
2247
2253
2254
2255
2256
2257
2260
2261
2263
2264
2266
2267
2271
2277
2278
2279
2280
2281
2285
2286
2288
2291
2294
2296
2298
2302
2303
2304
2305
2306
2307
2308
2309
2310
2313
2314
2315
2317
2318
2321
2327
2328
2329
2330
2332
2333
2334
2336
2338
2339
2342
2343
2344
2345
2347
2349
2350
2351
2357
2359
2362
2364
2368
2370
2374
2375
2376
2377
2378
2379
2380
2381
2382
2387
2389
2390
2392
2393
2394
2395
2396
2398
2399
2400
2402
2403
2404
2408
2409
2410
2411
2412
2415
2420
2421
2424
2427
2429
2430
2432
2433
2434
2435
2436
2437
2439
2440
2443
2445
2446
2448
2450
2453
2456
2458
2459
2460
2461
2462
2463
2464
2465
2468
2470
2471
2472
2473
2474
2476
2477
2480
2483
2485
2487
2488
2489
2490
2491
2496
2497
2498
2500
2501
2503
2506
2509
2511
2512
2513
2514
2515
2519
2520
2521
2523
2524
2529
2530
2532
2533
2535
2536
2537
2538
2541
2542
2543
2546
2547
2548
2550
2552
2554
2559
2561
2562
2564
2565
2566
2568
2569
2570
2571
2573
2576
2577
2584
2585
2586
2588
2589
2593
2594
2596
2602
2607
2609
2611
2615
2616
2618
2619
2620
2621
2622
2626
2627
2628
2630
2631
2632
2634
2635
2636
2637
2639
2640
2641
2642
2643
2644
2647
2648
2652
2653
2655
2657
2658
2660
2661
2663
2665
2668
2671
2672
2673
2674
2675
2676
2677
2678
2679
2684
2687
2691
2693
2694
2696
2697
2698
2699
2701
2704
2705
2707
2709
2712
2713
2714
2716
2717
2718
2719
2720
2721
2722
2723
2724
2725
2728
2730
2732
2734
2736
2737
2738
2741
2742
2743
2744
2745
2746
2748
2749
2750
2751
2752
2753
2757
2758
2759
2761
2762
2763
2764
2765
2767
2770
2771
2772
2775
2776
2777
2778
2782
2783
2784
2786
2790
2791
2793
2795
2798
2799
2801
2802
2804
2805
2807
2808
2810
2811
2813
2814
2815
2817
2818
2819
2820
2824
2825
2826
2827
2828
2829
2830
2832
2833
2834
2835
2836
2838
2840
2841
2842
2844
2848
2849
2851
2852
2853
2856
2858
2861
2864
2865
2866
2870
2873
2875
2877
2878
2879
2881
2882
2887
2888
2889
2891
2894
2895
2897
2899
2900
2901
2902
2904
2905
2906
2907
2910
2911
2913
2916
2917
2918
2921
2922
2923
2924
2925
2926
2927
2928
2931
2933
2936
2938
2939
2940
2942
2949
2950
2953
2954
2955
2956
2957
2962
2963
2964
2965
2971
2972
2976
2977
2981
2983
2984
2987
2990
2992
2993
2994
2998
2999
