44 150 201 228 258 540 833 964 1345 1399 1618 1621 1697 1736 1855
268 451 478 589 616 791 924 1163 1515 1751 1943 1971
54 75 376 424 769 1204 1396 1397 1641 1993
505 595 834 1039 1203 1300 1531 1686 1735 1951
106 267 886 1030 1277 1564 1710 1791 1905 1924
455 591 794 797 835 848 1087 1229 1371 1536
36 514 668 702 1103 1143 1264 1508 1954
198 464 612 623 677 733 855 976 1707
117 208 255 317 1067 1278 1368 1419 1672
534 574 798 1012 1286 1553 1598 1784 1932
160 203 289 804 1074 1306 1580 1646 1856
396 875 960 1175 1470 1740 1895 1975 1980
146 195 341 683 928 980 1007 1362 1902
304 675 725 1119 1131 1532 1551 1660 1808
46 442 485 600 1173 1424 1479 1653
14 149 434 576 925 1004 1110 1624
175 324 515 748 921 968 1222 1309
15 107 491 580 843 1133 1799 1969
61 400 554 684 770 887 1160 1365
393 440 694 814 1137 1462 1471 1884
496 824 1094 1294 1519 1745 1747 1786
157 530 796 930 1406 1595 1597 1999
77 247 305 355 743 752 1464 1782
123 301 680 691 1601 1648 1792 1915
116 416 542 663 720 765 1170 1608
120 863 915 1106 1126 1393 1927
817 842 1210 1370 1692 1793 1936
1010 1340 1383 1525 1560 1773 1843
242 643 662 902 1227 1237 1510
105 489 579 1330 1476 1665 1723
233 407 459 899 1489 1578 1606
143 219 441 1062 1276 1739 1838
170 482 660 1165 1358 1663 1995
20 72 810 1018 1141 1196 1441
657 786 1042 1086 1228 1500 1675
257 426 938 1071 1232 1324 1571
773 935 1107 1535 1643 1977
56 134 333 408 512 1997
244 682 811 847 874 1295
309 453 456 1069 1583 1803
4 155 644 1239 1645 1970
224 369 781 986 1032 1179
866 1257 1290 1599 1738 1814
34 592 1001 1461 1772 1811
259 425 521 536 880 1788
94 181 509 999 1171 1852
389 570 1687 1787 1823 1870
104 618 1529 1718 1795 1842
156 294 531 1066 1198 1288
744 953 1079 1283 1395 1725
447 488 1152 1480 1546 1567
627 828 1033 1096 1159 1647
58 78 1014 1091 1336 1517
81 216 1252 1256 1794 1820
329 1195 1259 1447 1824 1853
446 772 793 1388 1865 1931
130 275 332 541 1468 1670
845 892 1262 1592 1798
178 365 912 1719 1828
171 1249 1352 1416 1766
263 337 685 966 1637
313 634 1253 1582 1763
266 465 932 1125 1255
312 354 750 774 1437
891 1095 1129 1526 1684
519 926 937 946 1355
280 402 1703 1821 1830
681 758 1088 1502 1848
8 310 751 1068 1802
291 449 730 1231 1897
90 967 1224 1386 1807
185 840 1130 1521 1945
399 475 1000 1218 1544
24 320 546 1013 1022
762 785 1449 1834 1961
601 789 940 1214 1513
969 1034 1496 1631 1863
279 486 1075 1155 1299
200 638 676 954 1177
659 839 1334 1436 1753
448 516 522 1375 1917
140 756 807 1831 1929
397 981 1134 1683 1996
196 435 732 1292 1465
288 913 1378 1540 1957
19 568 1070 1089 1981
390 688 823 1482 1908
42 316 630 1157 1882
110 401 747 1744
647 784 1158 1711
174 805 1045 1197
664 1017 1586 1890
53 1021 1201 1428
567 945 1348 1604
877 1282 1364 1557
420 1422 1445 1760
62 98 1499 1620
276 1072 1097 1657
229 1311 1667 1872
127 151 1333 1389
25 1135 1184 1373
383 573 1566 1813
1270 1463 1520 1661
1104 1730 1746 1805
55 565 599 1726
780 816 1040 1458
119 251 537 975
344 1251 1302
254 695 1169
59 1303 1344
79 124 499
368 885 1247
528 1341 1781
864 1168 1678
17 303 1602
261 1167 1516
1332 1354 1600
1556 1845 1859
436 549 1077
653 844 1273
637 1279 1640
307 1304 1634
1102 1655 1715
849 1644 1922
1029 1181 1260
101 876 1737
903 1233 1990
646 846 1433
82 965 1554
269 1486 1860
169 386 1887
850 1185 1659
556 934 1558
319 617 1392
362 1339 1976
318 851 1780
507 1193 1374
658 896 1875
212 384 560
428 1305 1320
813 1323 1402
358 831 1590
959 1804 1880
248 1497 1630
461 1058 1116
1325 1596
145 1346
799 1225
220 1429
252 1941
498 1841
35 152
431 1098
73 194
689 1035
1607 1987
997 1986
1415 1869
452 1241
777 1758
1132 1724
525 1083
278 1721
1342 1713
463 472
415 1937
687 1280
941 1581
739 1127
460 1061
218 346
379 1511
144 898
410 878
587 1638
712 1338
523 737
642 1664
1054 1940
45 414
419 1956
186 1694
340 800
1656 1658
172 709
1891 1898
1100 1939
256 470
597 1967
177 571
83 1194
49 234
413 757
89 1972
260 1085
67 1574
755 1827
1594 1642
651 1603
97 884
335 561
41 1938
11 1243
300 1223
284 331
109 1139
166 480
1408 1427
360 1205
910 920
359 1216
852 1337
1729 1862
372 1495
994 1435
1182 1289
490 1501
3 1439
901 1188
227
923
1016
1512
96
596
1092
908
102
1591
907
1911
882
477
918
1493
1407
1777
895
671
1488
159
1650
585
1128
217
749
1985
1748
231
85
394
801
678
1242
1049
1359
1144
605
1854
1921
1146
699
1328
5
956
1973
1312
1121
1619
121
1065
590
825
1326
722
1992
286
987
184
1156
1946
1478
388
429
235
1235
173
911
1649
1208
1555
1322
1245
26
1926
1851
628
423
1113
88
1844
1514
1153
1056
1003
468
1878
1410
39
1716
189
1409
641
466
929
529
270
1883
1418
126
345
1440
479
176
348
1041
718
727
1209
367
1037
1789
692
210
1761
563
615
1212
113
1391
745
7
1689
1308
1136
1287
430
74
603
613
1005
1671
339
1810
1220
690
1696
905
703
32
47
1191
93
336
1847
1142
114
1912
1690
715
1118
115
1190
1783
667
1046
1115
66
1084
1361
474
1662
971
1837
782
283
1176
1812
50
202
1211
729
1565
297
161
1695
1265
1413
1431
551
421
1790
352
1768
338
1236
670
1036
1572
820
1329
726
29
321
197
391
404
1060
533
970
1892
1472
183
1822
405
1955
532
1380
802
707
787
1120
629
1317
1349
1623
443
526
766
1588
342
387
1983
223
31
1826
148
860
226
23
1541
610
1877
1796
838
350
1459
325
265
1928
327
241
322
1052
738
112
1469
826
783
989
1894
1866
686
890
277
1930
1451
1816
593
1539
238
1405
1443
411
1676
27
1161
581
1757
1984
1857
1919
444
830
993
1
1720
1886
1189
1485
1335
1888
128
1200
1426
1008
308
1498
951
476
495
1484
1301
437
1219
1727
1636
249
1909
1442
215
6
598
575
919
1343
1248
1527
1064
188
1733
1403
16
1434
363
1704
1952
1889
1654
1680
808
1291
868
1114
86
38
1009
917
1706
487
187
377
504
392
323
343
858
225
349
274
761
1246
108
696
1015
243
832
246
1609
1123
1454
665
253
645
1958
621
501
1765
566
723
1899
1754
1933
900
604
1420
80
1019
1047
232
1835
1150
1460
76
427
1534
139
168
983
1846
1063
1832
1962
1051
1550
306
1914
433
1679
245
361
469
209
1108
1885
944
1351
518
1651
548
432
1183
1537
1652
364
1881
713
60
295
483
192
673
625
1423
1394
1217
1836
1979
517
1281
1616
1974
1105
293
385
1896
1473
1006
1027
856
1275
958
1357
1138
158
1673
639
583
222
298
1401
904
1698
1982
1776
1269
1963
949
731
943
753
153
717
1296
1893
632
559
315
230
1377
1466
1801
1474
939
1622
1752
815
467
492
191
1771
1400
1867
803
1918
506
635
1412
118
611
1503
1699
883
862
1154
841
1258
1504
1450
1274
1764
1950
1234
1081
837
493
914
2
1494
1417
164
1708
586
577
1430
136
1090
998
547
1605
1327
836
569
564
1942
1293
1297
1576
977
1615
972
1457
373
1966
701
652
1111
746
620
871
1456
1901
262
70
1709
1238
37
1569
1668
704
1250
1044
1948
1920
22
167
1356
457
282
764
1425
103
1840
1432
672
1819
1913
754
1122
356
1199
366
1722
1315
1082
543
12
417
281
1579
1483
1080
1379
271
973
650
1298
889
897
484
578
458
406
179
700
1178
180
1714
996
1411
502
759
503
1785
1271
264
1481
1610
1414
1968
68
1589
607
1398
1907
1593
1858
633
403
553
1750
1809
1360
728
853
1818
741
524
1093
1313
1533
1839
1448
1387
648
409
1627
1024
1923
111
1244
1666
351
873
1562
867
1266
1505
30
65
544
698
711
52
870
1691
1506
1321
881
872
1319
1353
1681
1059
775
371
1530
236
1507
1585
1947
84
1584
588
626
1002
936
382
1164
947
763
1347
1559
1310
1314
380
1307
1318
1023
606
674
942
734
353
978
2000
1384
1192
1989
473
450
1140
18
1903
631
1162
1376
511
1363
1240
28
1369
963
609
714
1202
299
1935
302
1552
439
1147
1639
1487
812
1767
822
311
1925
1545
1490
1112
594
1994
21
655
1949
240
1172
1166
1524
138
1053
1876
1057
1124
1573
1770
95
865
1868
285
1174
378
760
829
9
608
827
1382
272
1230
857
1964
100
375
1871
656
894
1028
1570
952
1861
165
1904
1020
706
199
13
1055
979
795
292
1148
193
1568
1518
1879
984
1538
1774
1186
51
237
1446
1268
422
1267
1385
1742
1635
1151
1548
1614
1367
1421
1755
1701
806
539
562
1099
740
69
778
1953
1741
129
1523
527
1778
1438
1825
1011
819
1712
988
1390
1632
933
190
204
719
955
334
328
1960
582
454
909
931
182
1849
314
767
1779
125
122
33
1491
510
211
1206
1900
557
792
1038
1829
736
213
1705
1467
1906
1991
1078
669
861
624
661
71
879
381
710
206
1149
1965
395
716
1528
1372
250
1978
888
1702
1587
962
445
1626
1734
1543
141
985
131
500
1959
133
1797
809
1611
1272
614
296
1381
916
1613
1404
1800
1874
135
1817
1916
708
1492
205
742
1221
869
290
1563
1756
1775
1226
735
558
1749
1522
821
859
779
1612
666
584
693
1677
1717
1682
1934
1743
893
91
724
1285
57
132
1549
1700
64
1633
950
982
619
906
1688
1685
471
776
1815
1048
768
922
326
1988
622
1263
1026
239
1542
555
1759
1117
1628
1261
1453
1625
99
513
1873
1731
1025
63
1477
974
1452
1207
92
1629
1444
1180
1910
545
137
497
1213
147
535
1215
40
438
508
370
602
1864
636
1043
1254
1850
1547
1561
357
1577
1350
1331
1762
550
1101
1806
1833
1076
347
948
412
330
1455
1284
721
1509
771
48
163
679
1316
697
957
854
43
538
992
1944
1728
221
287
1732
418
1145
654
1617
1050
1575
1187
162
1475
572
788
462
995
1693
1769
494
1674
10
790
818
705
481
1998
990
1109
214
552
207
649
142
1366
927
961
991
374
273
87
154
1073
398
1031
640
1669
520
