9858 1576 2345 5480 7944 4813 8013 2288 690 883 8469 91 1310
1344 488 2889 8957 2284 7568 8656 1555 1434 1531 1597 6558 3583
69 4901 2775 235 8461 466 1205 7445 2391 2968 9368 6335
225 8162 6275 3815 330 2924 9392 5683 5012 6709 6997 8213
5539 8163 9539 6600 937 9608 2356 373 9878 1687 2173 9758
7265 8611 4389 6981 3463 8678 9479 1232 5584 3699 1975 728
2368 6725 38 5255 5671 5547 8172 9678 7186 4692 5726
1633 6402 3587 8836 8933 9252 9100 1104 564 57 4829
5216 1506 8099 8004 1862 9597 1577 202 5499 1115 5341
8832 8385 7266 4327 8105 588 7118 433 3507 984 2361
9475 3556 4228 4239 5808 660 3605 7668 8598 2489 5918
7682 1774 4305 4401 6738 6069 9624 4793 2682 5531 7932
8104 2890 8331 5164 7693 9901 8976 5076 7607 2842 9115
2050 8259 2407 3432 4142 7726 4177 51 4436 3644
2176 7041 8416 7107 6372 9570 5511 2953 4525 216
2150 8071 2667 972 9677 8942 9933 5844 284 4477
1254 6217 8137 6731 1965 5134 1200 341 5815 9495
7200 482 3781 1178 6286 6350 5937 1782 2170 7646
1893 7372 877 5074 5404 502 5877 8053 4825 1660
2241 3201 9569 2830 9328 9843 4438 7062 635 5116
5986 677 9931 2252 2925 7436 2097 2262 2041 2911
2401 3105 9476 681 3561 6154 3628 4844 7354 4156
2656 3942 9671 5911 2224 5072 1366 823 6070 9055
1247 5763 9401 7589 7278 6960 4178 9077 3513 6015
4164 6887 3081 8169 8272 3346 8852 6777 1722 3871
2851 6758 1704 9009 18 7539 6839 7131 2206
36 4836 4426 9387 9580 7283 1081 2875 4956
4640 6499 327 713 971 2704 81 179 5366
131 1096 8138 5325 8431 3537 8313 5532 4509
6497 1410 4324 3369 3467 209 6100 7485 6686
2081 6435 3204 8997 9917 234 9617 2198 4861
3808 6563 7716 1830 8940 368 1873 9183 447
8389 1544 3977 462 7184 1685 2838 9276 8383
480 4547 2116 2820 4391 4360 5159 5610 4241
2308 8741 9895 3177 8830 9904 501 630 6782
1697 2658 4641 1124 5253 9576 4108 565 5885
6596 7526 1543 7175 5901 591 1843 983 4281
641 773 9642 7467 7117 9432 985 4411 3326
1985 8390 3818 2507 4240 727 7099 8061 2270
5897 7502 7598 8558 1138 6389 7798 2232 730
5955 7398 3401 3819 4749 6001 3378 789 3130
4704 9346 3466 5388 847 4592 3217 9753 8223
3584 6971 3462 1159 3655 2990 2703 8696 1275
2691 2979 2858 1198 7569 7796 9525 4663 5336
8640 4357 6410 8779 2483 6611 2741 9621 1336
3618 4867 5637 8745 1451 5583 6066 9971 7188
4800 3106 1607 4973 3185 2643 7219 6646 5084
1825 7140 3205 9444 2121 7987 9208 5690 6235
6113 5322 6733 1870 8302 2195 4790 9947 4798
5417 5645 2159 2033 4978 5812 5335 5401 2238
2061 8401 2900 9341 5942 5462 8342 8508 2365
5888 9984 8899 2501 5225 8029 7791 5213 2495
7520 9826 4200 3884 9422 4656 10000 9364 8412
1 7139 550 9446 810 6483 1844 7225
5062 7 4136 9594 6067 1590 6810 6205
1120 4258 9084 9679 19 6164 6643 7772
2531 37 4071 498 4342 5334 6360 8894
41 5265 5588 9914 1594 379 3898 895
483 6845 2706 6547 4762 3866 60 6455
5857 5990 74 9227 9841 9140 9463 2719
9632 4519 8584 114 3634 8405 3286 6136
1665 8420 2504 5641 7733 121 1020 9534
321 135 8073 7914 9197 2160 6489 8190
193 8196 2568 1225 9105 8627 6651 1917
1728 7841 6630 198 9833 8845 2293 1209
8644 229 3528 2249 7947 1708 5458 3539
2434 4642 6179 1005 2640 5525 4250 287
2756 6218 8367 336 2132 437 7573 8959
4960 8487 9927 4201 395 9101 7060 7288
419 3305 8810 9801 7725 1906 5054 1599
8936 426 9964 9391 4625 1877 4634 7196
5220 3847 9159 621 6190 1426 3446 4345
3422 8839 5455 2068 9942 8376 3902 767
7873 2786 868 5351 6161 9172 9590 2940
7874 9380 6730 875 7373 9329 1106 9117
3424 4033 5313 4070 1001 6671 1296 6231
4503 2564 1582 1134 4499 3733 1015 2394
9376 3521 5578 5905 9365 9783 2746 1021
5282 5187 1061 4522 1389 4052 8084 8060
6755 1797 9768 5067 6571 2515 1110 1625
6208 1793 4870 9096 9244 6488 5593 1116
2757 3111 9741 4814 1166 9393 8311 9563
9125 4328 1385 8905 8428 3566 6802 4219
9410 5349 8266 5774 5275 3036 1565 7647
4002 7715 7142 1608 7546 8270 3194 6557
1828 4037 1701 4744 6832 7505 3832 4827
2151 9767 6956 9967 5713 6291 1723 7614
6855 2120 5900 4111 9718 5015 8121 5789
2594 3180 6510 9309 6778 8605 5822 5311
2818 3234 3140 4392 7176 8265 9256 2768
5400 9163 4945 8758 2807 4472 5113 9787
6654 4842 4746 9680 5465 3674 5598 4767
6373 7110 4716 4079 3861 7125 9080 8862
869 3629 14 6036 6068 4248 3390
8231 3273 5482 21 6584 1755 9340
8386 3079 2091 2285 1112 25 863
3168 8353 3626 1867 4242 2101 30
4193 837 9802 301 46 7443 8247
9559 2497 6691 50 8663 889 2462
7232 8514 8776 7159 88 3385 4187
8129 8773 9674 6640 436 116 5974
3681 679 4363 5044 117 5306 1182
3396 2149 3206 1670 172 4019 5269
9606 2441 176 2353 2458 636 3519
200 3785 4463 439 3928 4094 831
7971 205 4017 822 1208 5019 8573
577 2254 8913 210 4567 5688 3769
259 7460 3381 2390 441 3675 220
9218 3470 6991 7249 8889 1495 249
3809 3969 1795 3687 3373 4112 274
8801 290 3684 2892 4942 7993 1245
523 9708 8686 6863 313 5978 3803
7270 9160 8299 3213 335 1331 1342
9702 5447 5558 342 5142 1849 6460
362 2989 5230 3220 5237 8916 7224
6656 6116 7909 7370 8626 371 8345
7136 418 4998 4806 3688 9643 2829
4032 6369 5314 9453 6674 440 6873
5348 8804 9284 6823 465 1684 1461
5320 3145 6986 496 1976 3481 3706
9763 6215 3087 559 4593 4950 4439
8354 8103 6858 5041 4603 4761 571
8844 1423 751 595 1779 3899 5117
9024 7361 7042 618 3695 2511 7448
5696 9378 6312 8424 4532 665 4799
4961 674 4706 3527 8496 9885 8991
9383 5193 682 7627 8534 7415 3770
706 1796 5708 5232 5303 7195 5916
8960 4517 747 7952 7762 729 6238
2178 739 7187 1942 1494 1756 7517
7274 2734 4434 788 6968 6206 5343
8674 933 1957 816 5586 1910 5211
1603 6249 1484 4176 8854 6298 829
866 6693 4488 8267 2735 7124 2936
871 7307 7662 1487 8304 4881 8639
897 1378 2755 4271 1818 5277 3518
7009 905 1933 2676 7351 3417 4284
6018 7021 6224 2322 5879 6138 989
1060 2565 6601 2733 9298 9110 1662
3648 2086 1094 2857 5162 7277 3093
5380 1994 1100 5293 2478 7926 5883
8096 1189 3845 3722 5963 1107 1884
2339 3431 4051 1109 1945 5596 4061
2146 3719 4552 1131 5451 2063 2707
8346 5033 8489 2637 1169 5722 7070
2016 5472 8419 4390 1195 7982 4944
4226 1476 1253 2026 2571 4218 5819
5158 1256 8526 5106 9780 7893 5368
3235 3530 9840 1361 1527 5147 5948
1573 2469 8520 7535 1363 3257 1946
7748 1382 7050 7888 5365 2779 3901
7457 3238 6374 1453 5137 1781 4408
5642 7859 8730 5526 1498 3772 9311
4644 7889 4274 7935 9940 1500 6719
1892 7227 2395 7954 2199 1560 3739
4409 5290 3731 6323 4313 1562 4507
7202 9122 1574 5649 2709 6454 5374
2694 4007 5768 1580 3340 2586 1758
6723 8580 1707 4303 2613 3641 2047
4864 8294 4104 7087 5908 3579 1725
7876 9413 4359 4081 2194 1748 2335
7590 1805 9838 9010 9363 9653 8124
7681 8513 3049 4500 1813 7061 7576
2758 3207 4753 4794 2043 8477 3294
5920 2145 8896 2089 4714 7437 7635
7297 7553 2162 8883 2555 6203 4795
2240 4387 8324 5392 6004 3382 3932
9987 9254 6794 9997 2319 5938 5235
6854 4616 6255 2672 5175 2331 6175
2561 4449 5123 8966 4891 6748 2973
9511 7884 7150 4143 8206 2612 8185
6313 2642 5107 4119 8473 9339 6173
2821 7815 3816 7306 7633 3028 7516
9507 9862 3303 7403 3790 8946 3034
9210 8451 8453 4747 5328 3281 3226
7746 6595 9795 4809 9449 3438 4765
4430 5298 7154 7735 6297 7134 5759
6053 4559 6836 8056 7318 5623 7958
8098 6180 5477 9064 6123 7343 4695
6112 6626 6829 8973 7386 7035 6142
4869 15 5744 8502 6941 6494
2754 6289 4789 28 8734 5471
9506 743 778 6251 3471 61
4994 72 2763 5810 5110 7164
97 1773 2192 692 8340 6106
8074 9291 142 4720 2802 4415
8028 1352 7053 4145 2651 156
161 6695 3018 9322 6710 1214
167 4040 5643 9269 8728 9247
8261 8436 8468 1622 183 8063
1963 268 4590 242 3892 250
2211 3557 711 263 6890 2509
267 5710 8917 8823 3352 4252
5088 291 6148 1387 4276 3668
5190 331 6157 2133 3542 8057
7082 4106 332 9423 2109 9151
353 9637 2058 8629 1271 9402
355 5031 4174 5775 4496 2964
5604 358 5383 3793 8379 765
7811 3752 361 9169 3670 5118
3905 3822 374 2647 2873 1018
9700 391 4940 3663 6226 8569
4742 4264 5899 5554 4216 473
8967 7435 8088 7417 9562 479
5026 613 493 2927 8531 3995
2051 8166 1579 2543 503 797
5634 5165 504 8955 6556 8670
5057 515 2993 8242 2267 4957
6213 3496 521 6602 9737 3994
737 2028 5613 528 5783 4348
3683 6509 2766 532 7419 7678
2278 1586 1845 9367 569 9310
8838 6086 9517 6965 606 1919
6176 7621 624 3506 3355 3324
4963 2831 8559 689 3196 6623
939 7275 721 5684 5210 6143
5760 3650 9193 754 6426 6139
2377 1226 3982 7438 886 7033
8928 4295 4554 8720 1716 891
3881 3215 894 7066 8796 1246
1666 900 1069 1807 4376 5755
2721 1185 4841 3375 2545 921
3558 7464 9869 5364 4727 926
1025 7508 9686 953 1914 1023
5346 9607 4584 969 5835 2015
1639 7659 1165 974 4657 3154
5543 5833 2987 9613 1070 4819
1093 9189 1609 7049 6963 7100
8961 1156 7085 8116 8187 2174
1221 4012 1362 8630 3574 9784
1252 9540 1841 3379 4698 9116
1760 2435 9131 1267 3672 9535
1356 6317 2837 1269 4763 9661
3680 5766 6604 3316 1301 3261
1314 4943 5464 7260 8510 4607
1632 6662 4524 5358 1365 4152
1952 1926 8463 6035 1367 1695
2946 2381 1400 2266 3486 5055
6304 1473 7904 9074 7252 7700
8101 5129 1485 4691 9428 3413
3949 8762 6133 3863 1529 4154
7584 7618 1551 5648 6768 9459
9505 4970 4171 8975 1553 5590
8256 8132 7474 1591 1564 6685
8493 3597 1581 2172 8188 9630
7173 5736 3377 2808 1593 7839
8930 3202 9639 1610 5898 5559
3814 5991 4617 1612 2804 3867
3744 6114 6826 1615 1979 2559
8422 5385 7340 1623 2809 5212
8064 4102 8530 8890 7226 1692
6849 3430 1736 6348 8146 6045
7168 5826 9061 1739 5244 9406
7691 6830 1742 3538 4370 7540
7750 4776 8234 3383 1819 4351
1987 7465 6027 5136 1874 7391
5091 2788 7174 8077 5327 1970
4873 8398 5361 9427 2012 5631
7137 7492 8551 8207 4344 2046
7017 6324 6260 6296 2073 6842
7623 8149 9911 4792 2141 4575
6592 3489 8875 2161 9275 4286
4676 2180 3174 9605 4374 8159
9156 2228 6903 8571 3517 2207
2275 3248 5560 4537 8445 2718
8935 8233 2318 5487 3441 9490
2410 7022 9200 9424 4884 5940
7203 2664 2451 5333 7705 3802
5795 8868 2663 4843 4049 5279
5345 2697 7337 3435 5913 6041
3040 9316 4935 5101 6714 2810
4480 5002 2860 8623 8115 9556
3562 6380 8620 7440 3477 3099
7808 9861 4230 3367 6861 5491
4671 5109 8661 3607 7867 5599
3937 9710 6326 8023 5276 5247
4101 7787 5646 6129 7510 8410
4197 8522 8332 4334 7279 7901
5761 7945 7019 9743 5973 9212
385 6888 6283 48 2931
64 5509 3760 115 697
3237 77 2910 9111 7550
8049 9842 2996 85 2523
8392 6482 89 1114 6271
7939 7591 5561 90 1117
9602 9705 1049 9595 92
7104 102 264 3323 4447
1894 3720 8585 178 9085
2882 1395 245 184 570
1027 2312 7883 7963 190
5856 6444 5996 1876 222
3856 7285 9014 8793 253
8227 7155 279 1788 2237
1833 811 2668 7251 280
8803 9732 5262 5199 281
2562 1922 485 4760 282
3137 324 3053 9390 4915
8012 3118 7504 338 7541
386 7530 8239 8624 1399
8033 399 5876 9334 9213
2947 420 438 8024 4442
3940 6278 715 430 8660
6375 9416 7052 3761 434
6561 451 5519 6578 4469
6118 7720 6569 2218 530
549 6413 818 3161 2717
9760 2789 552 7674 6300
553 6057 7212 6353 9397
9676 9839 9936 566 6367
1888 9762 2915 9834 572
3263 610 4375 6617 8575
2464 914 2772 8665 668
4163 687 4917 1525 4414
3710 4652 3567 688 6078
1664 708 1925 5700 5612
4418 1321 7629 5969 731
738 1447 8714 3852 1333
740 3342 6097 2292 7673
6538 780 4527 9265 1372
2084 9348 808 1273 9565
9282 4267 1935 849 4541
8850 6871 856 4924 7293
5029 1900 5390 1589 860
4131 861 1809 4730 3421
1732 1865 2347 916 9983
1153 943 9106 3891 5179
2471 999 7690 1164 1244
1414 3783 4556 3318 1022
6152 1035 5647 2256 1790
7296 8038 2473 1038 7194
4802 9635 7368 1099 5718
1152 9157 2314 9332 8189
1157 6989 6415 8278 8377
8360 7625 1213 8156 7549
6279 3469 1239 4538 7165
8065 1259 3533 1881 8668
2796 1300 5045 9307 2140
5223 1357 3632 5301 9631
8035 9995 1427 5848 6168
9508 3270 7664 1431 6940
1953 4453 2313 1465 5339
1472 5889 3906 2440 5234
1479 4779 1522 6390 6046
1513 6990 4335 5841 7065
4544 9924 2534 1546 7057
3243 8236 9237 1563 5373
1600 5476 2444 4620 8335
2508 1740 5872 1653 9727
7363 5927 3880 1737 2477
1751 5776 2229 6967 8602
6661 6407 9399 1789 8606
3266 3591 7091 8246 1847
2214 9803 2007 6042 1852
3014 4407 2106 8797 1886
7458 3075 3971 4752 1915
2179 7269 6062 2868 1947
8032 4135 5168 2038 5495
2083 6098 6484 9082 5758
5601 4546 2095 9591 9981
2184 5389 6546 4471 4922
2753 5114 7272 5296 2202
5093 6545 5814 2935 2236
6401 5485 8786 2294 2298
4448 2346 4236 9104 3864
3328 7755 3992 8248 2367
2500 9575 9356 2383 3774
4586 6155 3985 2392 2399
2470 7820 4505 7994 7166
9152 2476 8369 9651 8216
8165 6252 8495 9970 2582
4491 2608 7732 3420 5182
2628 7626 9742 8597 8922
4933 4840 8747 4078 2867
2880 8673 5315 6641 5882
9187 3108 9896 2998 4023
9250 8581 8712 3006 9375
7620 3013 4880 7639 9053
4103 6153 7466 9225 3024
8518 7276 9167 4758 3096
6145 6722 4647 3175 3508
3392 7210 5419 5295 3199
7012 3236 4615 9516 6399
6853 6440 3274 5745 8953
5701 3283 9333 5302 8636
4643 3371 5459 3768 4573
4482 8263 9224 3497 8054
3656 6764 7896 5658 7420
8364 3693 9137 5433 6461
3745 8646 6391 9886 6463
4128 6319 5615 3771 8318
3843 9486 7919 3922 7701
6272 8543 3889 5715 9663
4321 3946 7123 6616 3997
4028 9547 6961 5340 7038
5506 7441 4055 8122 7774
8576 9297 9589 5817 4190
4198 9452 8086 9016 7454
6305 6242 9198 7676 4221
6381 6221 4536 5725 4542
4578 6851 7594 7637 8287
4613 7592 6702 5678 7439
9034 9771 5038 7344 6423
5794 8557 6010 7291 8798
8449 6281 9003 6028 9235
8 4122 2891 3526
7360 10 9828 3070
5753 34 1346 9974
7632 8407 9267 47
49 4780 2870 3414
80 5770 2389 3631
99 372 4396 5439
2516 100 8134 2375
105 2082 3229 4743
112 2514 1323 4766
3888 5738 700 149
9146 155 5140 2005
169 9755 4925 9119
177 421 638 1983
865 4966 189 3961
194 8951 1850 7759
6624 7248 213 6293
9712 219 6909 3275
312 5595 260 2773
289 2075 1044 9715
297 6915 5837 5161
5321 298 9977 8317
314 6515 7218 4967
1624 7098 2094 326
328 7849 6599 719
6682 1445 350 5406
352 658 7916 2677
3865 8293 3685 398
512 5553 3786 2447
522 8994 8245 8950
560 1338 3395 2690
5312 587 9320 8151
3457 6835 5957 622
625 7418 5972 7493
6079 7083 4854 639
648 8418 4355 7923
650 1675 7026 5910
1064 9079 741 2752
753 6394 6013 6541
768 1539 821 2967
1304 777 7895 7721
4018 819 7654 5530
5657 827 9324 6639
2528 857 1148 5288
8260 941 5006 4287
3408 961 2379 3920
6576 1010 6645 8599
7494 5010 5077 1062
9776 6978 1068 4989
8866 9791 9543 1071
2744 5105 2636 1079
3690 9404 7972 1149
1249 2291 7756 4677
5618 1746 4468 1261
8706 1690 1291 8924
8456 1705 6987 1311
1312 7330 2933 3038
4768 1347 7336 7047
7968 8901 6699 1349
4336 1977 7533 1391
1433 2530 8010 7767
7472 7524 1540 9777
9264 1772 1558 8255
8269 3187 4437 1645
1672 4188 2685 2071
2439 6049 5152 1735
4721 3442 1891 9175
7642 1907 9076 4053
2072 8455 2949 6095
8962 2107 3268 2087
3960 6568 5342 2102
5097 9194 7151 2103
4041 3386 8426 2167
7056 2209 6431 5063
4056 5329 8329 2223
2492 5805 8638 2263
3296 6108 2350 7335
3313 6395 2357 8357
5042 8399 2406 5679
2433 5572 5316 6077
3032 2449 4273 9646
8737 8979 5894 2487
3290 2907 2566 6727
3673 8842 2595 8691
2625 4835 7822 9515
4161 4516 8718 2711
8812 3596 6581 2750
4834 8932 5205 2886
7347 3060 2894 5724
8343 4474 5286 2959
7480 2969 9092 8297
8176 2977 6582 8470
8240 4797 2982 5053
6328 4850 6405 3047
3160 7097 6688 5816
8232 9626 6907 3276
6954 3309 6478 6503
9601 3331 7381 8435
5904 7557 9774 3455
3480 7577 9445 8358
3536 7201 7434 8596
8929 8757 3540 4445
9240 3554 7331 7940
7105 9121 9086 3559
3712 5252 3611 4076
9136 5050 3638 4807
4845 8361 4932 3725
3976 4531 6724 3799
3800 5633 8181 5873
9689 7698 3907 5727
7641 3948 6749 7054
4035 6358 6259 7837
7742 7948 4038 5183
4489 4058 6442 8870
8160 4113 8458 6572
8739 4195 8988 9871
9013 7563 4381 8439
8634 8986 4388 7220
9025 5281 4394 7478
6368 6994 4427 6814
7855 5891 4668 6559
6690 9219 5468 9231
8595 6684 5742 5943
9952 6201 8577 9979
8258 6453 8110 8834
7683 6636 6597 6975
9713 6900 9766 8519
9929 7498 7666 7751
16 3511 2143
24 4837 8486
5440 35 1523
40 3241 3338
684 982 79
6947 124 623
9321 4724 133
6984 137 428
1056 139 9102
3728 8409 141
4560 162 3244
1262 774 191
8218 4754 195
2488 3012 206
3923 237 6551
1186 6020 286
3883 6796 293
7561 1749 294
3056 9029 357
6177 5407 367
5666 387 7741
2792 3703 415
435 3203 3726
920 443 6740
456 9108 6228
464 9667 8996
7282 467 646
6361 476 1719
497 6620 8561
3564 3502 510
9185 514 1855
5454 6812 526
3491 4243 535
6793 3402 541
7401 546 4831
576 7314 1403
4400 9472 581
7468 5421 582
1227 604 6342
608 1003 5893
5698 620 7327
633 1978 2177
2506 643 7852
2217 5217 653
3000 657 7095
4428 1989 663
680 3851 9919
5359 3292 703
5075 716 8743
9585 5655 735
6065 5238 783
7536 798 6439
9019 804 2997
9184 4451 805
809 7172 9158
8488 6465 843
4296 850 5778
8752 876 2382
884 2926 5695
907 6692 4803
912 5771 4192
922 2035 8325
1456 925 3407
7392 956 7511
1768 996 5951
2939 1011 8733
6456 8690 1019
1024 7506 5717
3500 8262 1055
1057 5629 9726
8433 1084 1141
3779 7708 1086
6331 1799 1111
8816 1986 1122
5748 1155 2060
1932 1181 3022
1326 9355 1206
2064 1889 1220
8725 1222 1655
3975 4711 1231
9162 1274 6023
4009 7709 1279
3059 1428 1302
3082 1454 1334
3555 4467 1405
5153 1413 7167
1448 2699 9095
7689 1491 8589
5906 1507 3855
1592 8528 6868
1595 9749 3742
6384 9300 1598
9007 1606 5079
6016 5860 1613
1689 1618 5890
1659 1668 7862
3147 9303 1679
1688 3836 4750
7449 5171 1815
1817 9474 6393
8018 8582 1854
1897 7499 1959
8715 1940 3271
6609 7396 1941
3192 7113 1943
2010 8667 4991
2048 4908 4838
2076 5853 8735
6799 9308 2079
2186 4628 6274
2193 2411 5422
2233 8849 6659
2250 8645 9998
5536 7946 2323
2481 2338 3987
3456 8429 2343
6528 7579 2349
2363 5267 6883
7240 2380 9685
9587 2467 6644
2472 5733 3895
5025 2474 6388
2482 6194 7583
7585 2490 7978
2513 5947 9721
5850 8835 2540
2576 3104 3095
2657 4026 6169
2688 6938 7309
2698 6932 8562
2785 8157 9825
8504 6330 2846
6449 2850 9370
2877 7246 5557
7776 4212 2941
5011 2965 4774
5297 2971 4981
9344 8363 2974
2984 6220 8614
3416 8093 3007
8824 3113 8723
5087 3573 3127
4684 5085 3151
5204 5909 3167
3212 5765 3191
8977 3210 3639
6243 3741 3223
3267 9859 4550
7380 9327 3295
5448 3308 4783
6222 3317 4406
3320 3842 6103
3409 4186 6452
3488 4249 9287
5048 7611 3535
3604 6846 9750
3640 4352 5489
9857 3658 5555
3737 6867 4486
8827 9232 3795
7486 3854 8783
8664 3897 7063
5410 9083 3943
3963 6619 9155
6337 9012 3967
8017 4020 4543
4194 4251 4132
4149 7582 7597
8195 4269 9358
4275 8900 7717
4280 9748 6495
4354 6762 4670
5233 4658 9043
5192 8464 4787
4808 7801 8840
5693 4878 8117
7328 5060 6334
8707 7491 5131
5144 5163 8310
9488 7699 5167
9351 8119 5207
9171 9910 5271
8777 8362 5453
8529 5513 7086
6184 8601 5549
8250 9458 5550
8544 9817 5551
5573 5773 9279
5592 6706 7595
5811 9204 9707
5834 7754 7303
5928 8517 7797
5932 9188 6054
9426 6003 8939
7537 6158 8031
6698 6171 8070
6418 7332 7028
8336 6753 6450
9113 6747 6573
9091 7341 6774
9980 9229 7023
8863 8631 8279
9132 8555 8579
9872 9441 9976
3 454
2417 11
8178 39
4384 53
65 1556
140 6924
7757 143
144 4365
2634 148
157 3743
186 6181
9666 207
212 2958
248 6852
258 5787
1992 275
285 1871
7177 295
306 5413
329 1837
345 9684
8320 351
369 3563
6752 377
378 5379
404 5767
409 5813
6329 431
7362 484
4984 495
517 1846
7834 519
531 3654
8648 537
3929 545
561 9806
580 7821
6464 589
592 3083
594 4356
619 7749
626 4383
8068 693
722 1842
734 2334
7385 742
755 2445
781 6110
6400 782
785 1318
792 5330
8815 807
820 1853
825 1429
9827 838
1538 899
1257 910
913 2171
7161 923
929 6901
2056 932
9354 940
6783 951
955 3679
6040 966
3475 973
4697 987
1017 7284
4464 1028
1041 9786
1048 2970
1744 1053
1065 4452
1074 9884
1125 2503
8746 1126
9114 1127
1146 3844
7560 1158
1170 4732
2113 1183
1202 3974
1218 2190
5830 1230
3153 1234
1248 8811
9729 1309
8705 1348
1425 7135
3692 1436
4490 1470
3520 1499
5989 1518
1528 6468
1532 8982
2315 1550
7034 1557
1572 7927
1642 5852
8168 1673
1680 8295
1694 3735
1720 6787
1724 7996
6310 1726
1729 7316
1770 1734
4514 1738
1753 2983
1754 8549
4965 1766
1771 5668
1792 9094
1803 8622
1812 6701
1851 6239
1859 9485
1882 8813
1908 3391
1909 7807
1912 6663
1913 2438
5624 1921
5571 1958
5772 1967
1971 3231
6280 1995
4322 2027
6056 2029
2036 9135
5378 2067
2074 7037
2104 6299
4160 2155
3411 2164
8328 2166
8807 2175
2189 4029
9147 2197
2216 3159
7512 2258
2289 4529
2296 9471
2304 9813
2306 7567
2332 6117
9081 2354
8130 2359
3490 2378
2385 5585
2400 9761
2460 2415
2454 4199
2499 4739
6750 2502
2522 3917
8809 2532
2538 3759
9097 2539
8079 2551
2572 2743
2590 3399
2592 8460
9352 2601
2616 4693
9819 2622
7001 2623
7090 2654
2660 3821
2674 8078
9258 2675
2680 7624
2696 8443
2705 6565
2715 9735
2762 6923
5030 2783
3704 2819
2848 4332
9820 2854
2874 3437
2888 8792
2934 7198
3952 2956
4885 2957
2963 5925
2988 3278
2994 9058
8509 2999
3848 3030
5426 3102
5377 3131
3138 7938
3173 6087
9850 3222
9881 3250
7463 3311
3322 6191
4883 3339
9954 3372
3394 9799
4416 3398
5797 3415
4253 3423
3425 5798
3444 4805
8848 3503
3512 9087
3592 9366
3595 7951
3601 7350
3608 8498
9692 3612
3622 4263
3653 5902
5984 3660
3689 4804
3691 7790
3713 6090
3714 6806
3947 3717
5952 3732
3773 5654
5251 3791
8475 3811
5240 3825
9865 3831
3833 9923
5000 3862
9273 3878
9659 3903
3904 7838
6555 3911
4930 3927
3936 7739
5009 3941
4144 3945
4398 3959
3981 5959
5331 3990
3993 9124
4024 7835
4042 4155
5264 4045
4105 7566
4129 5682
4139 5831
7782 4158
4168 7564
8016 4172
4266 5907
4297 8459
4462 4311
4338 5398
7032 4339
4483 4358
4954 4380
4425 8113
4432 4520
4458 9266
7728 4478
8372 4484
8521 4493
6322 4494
7027 4588
5796 4629
9723 4631
6225 4645
4659 5781
4788 6679
4848 6791
4851 6927
4947 8485
9793 4964
8790 4974
6336 4979
4985 9325
6577 5018
5065 5516
5098 9263
5124 8365
8153 5133
9769 5138
8553 5166
5201 6355
5209 7903
5226 8356
7064 5268
8756 5278
5362 6318
5384 6772
5425 6430
6552 5463
9888 5563
5653 6943
5705 9874
5716 9359
5777 8235
9537 5780
5843 6579
8761 5845
6008 5866
5867 8147
8672 5895
5896 6185
7760 5919
5945 8541
8378 5964
6673 5966
5977 6308
7258 5995
6083 7215
6104 7988
9466 6126
6985 6141
6531 6150
6162 7006
6211 8309
8058 6229
6244 7111
8763 6268
6344 8076
6356 8094
6371 6549
6397 7301
6441 6908
6477 9831
9518 6487
6513 6770
8981 6533
9233 6716
6788 8229
6801 7317
6813 7190
6837 7622
6958 9647
7004 6959
6970 7819
9612 6982
7384 7015
7068 7428
9220 7078
7366 7102
7170 9555
7185 8164
8754 7189
7640 7349
7379 8030
9800 7406
7408 7825
8497 7430
9248 7444
7497 8586
9396 7518
9002 7525
9747 7575
7634 8843
7636 7829
7638 8711
9945 7770
8249 7917
7918 9951
8139 7980
8987 8133
8384 9955
9816 8413
9875 8476
9409 8643
8898 8679
9695 8719
8856 9775
9243 8902
9672 9133
9688 9230
9561 9553
2
4
5
6
9
12
13
17
20
22
23
26
27
29
31
32
33
42
43
44
45
52
54
55
56
58
59
62
63
66
67
68
70
71
73
75
76
78
82
83
84
86
87
93
94
95
96
98
101
103
104
106
107
108
109
110
111
113
118
119
120
122
123
125
126
127
128
129
130
132
134
136
138
145
146
147
150
151
152
153
154
158
159
160
163
164
165
166
168
170
171
173
174
175
180
181
182
185
187
188
192
196
197
199
201
203
204
208
211
214
215
217
218
221
223
224
226
227
228
230
231
232
233
236
238
239
240
241
243
244
246
247
251
252
254
255
256
257
261
262
265
266
269
270
271
272
273
276
277
278
283
288
292
296
299
300
302
303
304
305
307
308
309
310
311
315
316
317
318
319
320
322
323
325
333
334
337
339
340
343
344
346
347
348
349
354
356
359
360
363
364
365
366
370
375
376
380
381
382
383
384
388
389
390
392
393
394
396
397
400
401
402
403
405
406
407
408
410
411
412
413
414
416
417
422
423
424
425
427
429
432
442
444
445
446
448
449
450
452
453
455
457
458
459
460
461
463
468
469
470
471
472
474
475
477
478
481
486
487
489
490
491
492
494
499
500
505
506
507
508
509
511
513
516
518
520
524
525
527
529
533
534
536
538
539
540
542
543
544
547
548
551
554
555
556
557
558
562
563
567
568
573
574
575
578
579
583
584
585
586
590
593
596
597
598
599
600
601
602
603
605
607
609
611
612
614
615
616
617
627
628
629
631
632
634
637
640
642
644
645
647
649
651
652
654
655
656
659
661
662
664
666
667
669
670
671
672
673
675
676
678
683
685
686
691
694
695
696
698
699
701
702
704
705
707
709
710
712
714
717
718
720
723
724
725
726
732
733
736
744
745
746
748
749
750
752
756
757
758
759
760
761
762
763
764
766
769
770
771
772
775
776
779
784
786
787
790
791
793
794
795
796
799
800
801
802
803
806
812
813
814
815
817
824
826
828
830
832
833
834
835
836
839
840
841
842
844
845
846
848
851
852
853
854
855
858
859
862
864
867
870
872
873
874
878
879
880
881
882
885
887
888
890
892
893
896
898
901
902
903
904
906
908
909
911
915
917
918
919
924
927
928
930
931
934
935
936
938
942
944
945
946
947
948
949
950
952
954
957
958
959
960
962
963
964
965
967
968
970
975
976
977
978
979
980
981
986
988
990
991
992
993
994
995
997
998
1000
1002
1004
1006
1007
1008
1009
1012
1013
1014
1016
1026
1029
1030
1031
1032
1033
1034
1036
1037
1039
1040
1042
1043
1045
1046
1047
1050
1051
1052
1054
1058
1059
1063
1066
1067
1072
1073
1075
1076
1077
1078
1080
1082
1083
1085
1087
1088
1089
1090
1091
1092
1095
1097
1098
1101
1102
1103
1105
1108
1113
1118
1119
1121
1123
1128
1129
1130
1132
1133
1135
1136
1137
1139
1140
1142
1143
1144
1145
1147
1150
1151
1154
1160
1161
1162
1163
1167
1168
1171
1172
1173
1174
1175
1176
1177
1179
1180
1184
1187
1188
1190
1191
1192
1193
1194
1196
1197
1199
1201
1203
1204
1207
1210
1211
1212
1215
1216
1217
1219
1223
1224
1228
1229
1233
1235
1236
1237
1238
1240
1241
1242
1243
1250
1251
1255
1258
1260
1263
1264
1265
1266
1268
1270
1272
1276
1277
1278
1280
1281
1282
1283
1284
1285
1286
1287
1288
1289
1290
1292
1293
1294
1295
1297
1298
1299
1303
1305
1306
1307
1308
1313
1315
1316
1317
1319
1320
1322
1324
1325
1327
1328
1329
1330
1332
1335
1337
1339
1340
1341
1343
1345
1350
1351
1353
1354
1355
1358
1359
1360
1364
1368
1369
1370
1371
1373
1374
1375
1376
1377
1379
1380
1381
1383
1384
1386
1388
1390
1392
1393
1394
1396
1397
1398
1401
1402
1404
1406
1407
1408
1409
1411
1412
1415
1416
1417
1418
1419
1420
1421
1422
1424
1430
1432
1435
1437
1438
1439
1440
1441
1442
1443
1444
1446
1449
1450
1452
1455
1457
1458
1459
1460
1462
1463
1464
1466
1467
1468
1469
1471
1474
1475
1477
1478
1480
1481
1482
1483
1486
1488
1489
1490
1492
1493
1496
1497
1501
1502
1503
1504
1505
1508
1509
1510
1511
1512
1514
1515
1516
1517
1519
1520
1521
1524
1526
1530
1533
1534
1535
1536
1537
1541
1542
1545
1547
1548
1549
1552
1554
1559
1561
1566
1567
1568
1569
1570
1571
1575
1578
1583
1584
1585
1587
1588
1596
1601
1602
1604
1605
1611
1614
1616
1617
1619
1620
1621
1626
1627
1628
1629
1630
1631
1634
1635
1636
1637
1638
1640
1641
1643
1644
1646
1647
1648
1649
1650
1651
1652
1654
1656
1657
1658
1661
1663
1667
1669
1671
1674
1676
1677
1678
1681
1682
1683
1686
1691
1693
1696
1698
1699
1700
1702
1703
1706
1709
1710
1711
1712
1713
1714
1715
1717
1718
1721
1727
1730
1731
1733
1741
1743
1745
1747
1750
1752
1757
1759
1761
1762
1763
1764
1765
1767
1769
1775
1776
1777
1778
1780
1783
1784
1785
1786
1787
1791
1794
1798
1800
1801
1802
1804
1806
1808
1810
1811
1814
1816
1820
1821
1822
1823
1824
1826
1827
1829
1831
1832
1834
1835
1836
1838
1839
1840
1848
1856
1857
1858
1860
1861
1863
1864
1866
1868
1869
1872
1875
1878
1879
1880
1883
1885
1887
1890
1895
1896
1898
1899
1901
1902
1903
1904
1905
1911
1916
1918
1920
1923
1924
1927
1928
1929
1930
1931
1934
1936
1937
1938
1939
1944
1948
1949
1950
1951
1954
1955
1956
1960
1961
1962
1964
1966
1968
1969
1972
1973
1974
1980
1981
1982
1984
1988
1990
1991
1993
1996
1997
1998
1999
2000
2001
2002
2003
2004
2006
2008
2009
2011
2013
2014
2017
2018
2019
2020
2021
2022
2023
2024
2025
2030
2031
2032
2034
2037
2039
2040
2042
2044
2045
2049
2052
2053
2054
2055
2057
2059
2062
2065
2066
2069
2070
2077
2078
2080
2085
2088
2090
2092
2093
2096
2098
2099
2100
2105
2108
2110
2111
2112
2114
2115
2117
2118
2119
2122
2123
2124
2125
2126
2127
2128
2129
2130
2131
2134
2135
2136
2137
2138
2139
2142
2144
2147
2148
2152
2153
2154
2156
2157
2158
2163
2165
2168
2169
2181
2182
2183
2185
2187
2188
2191
2196
2200
2201
2203
2204
2205
2208
2210
2212
2213
2215
2219
2220
2221
2222
2225
2226
2227
2230
2231
2234
2235
2239
2242
2243
2244
2245
2246
2247
2248
2251
2253
2255
2257
2259
2260
2261
2264
2265
2268
2269
2271
2272
2273
2274
2276
2277
2279
2280
2281
2282
2283
2286
2287
2290
2295
2297
2299
2300
2301
2302
2303
2305
2307
2309
2310
2311
2316
2317
2320
2321
2324
2325
2326
2327
2328
2329
2330
2333
2336
2337
2340
2341
2342
2344
2348
2351
2352
2355
2358
2360
2362
2364
2366
2369
2370
2371
2372
2373
2374
2376
2384
2386
2387
2388
2393
2396
2397
2398
2402
2403
2404
2405
2408
2409
2412
2413
2414
2416
2418
2419
2420
2421
2422
2423
2424
2425
2426
2427
2428
2429
2430
2431
2432
2436
2437
2442
2443
2446
2448
2450
2452
2453
2455
2456
2457
2459
2461
2463
2465
2466
2468
2475
2479
2480
2484
2485
2486
2491
2493
2494
2496
2498
2505
2510
2512
2517
2518
2519
2520
2521
2524
2525
2526
2527
2529
2533
2535
2536
2537
2541
2542
2544
2546
2547
2548
2549
2550
2552
2553
2554
2556
2557
2558
2560
2563
2567
2569
2570
2573
2574
2575
2577
2578
2579
2580
2581
2583
2584
2585
2587
2588
2589
2591
2593
2596
2597
2598
2599
2600
2602
2603
2604
2605
2606
2607
2609
2610
2611
2614
2615
2617
2618
2619
2620
2621
2624
2626
2627
2629
2630
2631
2632
2633
2635
2638
2639
2641
2644
2645
2646
2648
2649
2650
2652
2653
2655
2659
2661
2662
2665
2666
2669
2670
2671
2673
2678
2679
2681
2683
2684
2686
2687
2689
2692
2693
2695
2700
2701
2702
2708
2710
2712
2713
2714
2716
2720
2722
2723
2724
2725
2726
2727
2728
2729
2730
2731
2732
2736
2737
2738
2739
2740
2742
2745
2747
2748
2749
2751
2759
2760
2761
2764
2765
2767
2769
2770
2771
2774
2776
2777
2778
2780
2781
2782
2784
2787
2790
2791
2793
2794
2795
2797
2798
2799
2800
2801
2803
2805
2806
2811
2812
2813
2814
2815
2816
2817
2822
2823
2824
2825
2826
2827
2828
2832
2833
2834
2835
2836
2839
2840
2841
2843
2844
2845
2847
2849
2852
2853
2855
2856
2859
2861
2862
2863
2864
2865
2866
2869
2871
2872
2876
2878
2879
2881
2883
2884
2885
2887
2893
2895
2896
2897
2898
2899
2901
2902
2903
2904
2905
2906
2908
2909
2912
2913
2914
2916
2917
2918
2919
2920
2921
2922
2923
2928
2929
2930
2932
2937
2938
2942
2943
2944
2945
2948
2950
2951
2952
2954
2955
2960
2961
2962
2966
2972
2975
2976
2978
2980
2981
2985
2986
2991
2992
2995
3001
3002
3003
3004
3005
3008
3009
3010
3011
3015
3016
3017
3019
3020
3021
3023
3025
3026
3027
3029
3031
3033
3035
3037
3039
3041
3042
3043
3044
3045
3046
3048
3050
3051
3052
3054
3055
3057
3058
3061
3062
3063
3064
3065
3066
3067
3068
3069
3071
3072
3073
3074
3076
3077
3078
3080
3084
3085
3086
3088
3089
3090
3091
3092
3094
3097
3098
3100
3101
3103
3107
3109
3110
3112
3114
3115
3116
3117
3119
3120
3121
3122
3123
3124
3125
3126
3128
3129
3132
3133
3134
3135
3136
3139
3141
3142
3143
3144
3146
3148
3149
3150
3152
3155
3156
3157
3158
3162
3163
3164
3165
3166
3169
3170
3171
3172
3176
3178
3179
3181
3182
3183
3184
3186
3188
3189
3190
3193
3195
3197
3198
3200
3208
3209
3211
3214
3216
3218
3219
3221
3224
3225
3227
3228
3230
3232
3233
3239
3240
3242
3245
3246
3247
3249
3251
3252
3253
3254
3255
3256
3258
3259
3260
3262
3264
3265
3269
3272
3277
3279
3280
3282
3284
3285
3287
3288
3289
3291
3293
3297
3298
3299
3300
3301
3302
3304
3306
3307
3310
3312
3314
3315
3319
3321
3325
3327
3329
3330
3332
3333
3334
3335
3336
3337
3341
3343
3344
3345
3347
3348
3349
3350
3351
3353
3354
3356
3357
3358
3359
3360
3361
3362
3363
3364
3365
3366
3368
3370
3374
3376
3380
3384
3387
3388
3389
3393
3397
3400
3403
3404
3405
3406
3410
3412
3418
3419
3426
3427
3428
3429
3433
3434
3436
3439
3440
3443
3445
3447
3448
3449
3450
3451
3452
3453
3454
3458
3459
3460
3461
3464
3465
3468
3472
3473
3474
3476
3478
3479
3482
3483
3484
3485
3487
3492
3493
3494
3495
3498
3499
3501
3504
3505
3509
3510
3514
3515
3516
3522
3523
3524
3525
3529
3531
3532
3534
3541
3543
3544
3545
3546
3547
3548
3549
3550
3551
3552
3553
3560
3565
3568
3569
3570
3571
3572
3575
3576
3577
3578
3580
3581
3582
3585
3586
3588
3589
3590
3593
3594
3598
3599
3600
3602
3603
3606
3609
3610
3613
3614
3615
3616
3617
3619
3620
3621
3623
3624
3625
3627
3630
3633
3635
3636
3637
3642
3643
3645
3646
3647
3649
3651
3652
3657
3659
3661
3662
3664
3665
3666
3667
3669
3671
3676
3677
3678
3682
3686
3694
3696
3697
3698
3700
3701
3702
3705
3707
3708
3709
3711
3715
3716
3718
3721
3723
3724
3727
3729
3730
3734
3736
3738
3740
3746
3747
3748
3749
3750
3751
3753
3754
3755
3756
3757
3758
3762
3763
3764
3765
3766
3767
3775
3776
3777
3778
3780
3782
3784
3787
3788
3789
3792
3794
3796
3797
3798
3801
3804
3805
3806
3807
3810
3812
3813
3817
3820
3823
3824
3826
3827
3828
3829
3830
3834
3835
3837
3838
3839
3840
3841
3846
3849
3850
3853
3857
3858
3859
3860
3868
3869
3870
3872
3873
3874
3875
3876
3877
3879
3882
3885
3886
3887
3890
3893
3894
3896
3900
3908
3909
3910
3912
3913
3914
3915
3916
3918
3919
3921
3924
3925
3926
3930
3931
3933
3934
3935
3938
3939
3944
3950
3951
3953
3954
3955
3956
3957
3958
3962
3964
3965
3966
3968
3970
3972
3973
3978
3979
3980
3983
3984
3986
3988
3989
3991
3996
3998
3999
4000
4001
4003
4004
4005
4006
4008
4010
4011
4013
4014
4015
4016
4021
4022
4025
4027
4030
4031
4034
4036
4039
4043
4044
4046
4047
4048
4050
4054
4057
4059
4060
4062
4063
4064
4065
4066
4067
4068
4069
4072
4073
4074
4075
4077
4080
4082
4083
4084
4085
4086
4087
4088
4089
4090
4091
4092
4093
4095
4096
4097
4098
4099
4100
4107
4109
4110
4114
4115
4116
4117
4118
4120
4121
4123
4124
4125
4126
4127
4130
4133
4134
4137
4138
4140
4141
4146
4147
4148
4150
4151
4153
4157
4159
4162
4165
4166
4167
4169
4170
4173
4175
4179
4180
4181
4182
4183
4184
4185
4189
4191
4196
4202
4203
4204
4205
4206
4207
4208
4209
4210
4211
4213
4214
4215
4217
4220
4222
4223
4224
4225
4227
4229
4231
4232
4233
4234
4235
4237
4238
4244
4245
4246
4247
4254
4255
4256
4257
4259
4260
4261
4262
4265
4268
4270
4272
4277
4278
4279
4282
4283
4285
4288
4289
4290
4291
4292
4293
4294
4298
4299
4300
4301
4302
4304
4306
4307
4308
4309
4310
4312
4314
4315
4316
4317
4318
4319
4320
4323
4325
4326
4329
4330
4331
4333
4337
4340
4341
4343
4346
4347
4349
4350
4353
4361
4362
4364
4366
4367
4368
4369
4371
4372
4373
4377
4378
4379
4382
4385
4386
4393
4395
4397
4399
4402
4403
4404
4405
4410
4412
4413
4417
4419
4420
4421
4422
4423
4424
4429
4431
4433
4435
4440
4441
4443
4444
4446
4450
4454
4455
4456
4457
4459
4460
4461
4465
4466
4470
4473
4475
4476
4479
4481
4485
4487
4492
4495
4497
4498
4501
4502
4504
4506
4508
4510
4511
4512
4513
4515
4518
4521
4523
4526
4528
4530
4533
4534
4535
4539
4540
4545
4548
4549
4551
4553
4555
4557
4558
4561
4562
4563
4564
4565
4566
4568
4569
4570
4571
4572
4574
4576
4577
4579
4580
4581
4582
4583
4585
4587
4589
4591
4594
4595
4596
4597
4598
4599
4600
4601
4602
4604
4605
4606
4608
4609
4610
4611
4612
4614
4618
4619
4621
4622
4623
4624
4626
4627
4630
4632
4633
4635
4636
4637
4638
4639
4646
4648
4649
4650
4651
4653
4654
4655
4660
4661
4662
4664
4665
4666
4667
4669
4672
4673
4674
4675
4678
4679
4680
4681
4682
4683
4685
4686
4687
4688
4689
4690
4694
4696
4699
4700
4701
4702
4703
4705
4707
4708
4709
4710
4712
4713
4715
4717
4718
4719
4722
4723
4725
4726
4728
4729
4731
4733
4734
4735
4736
4737
4738
4740
4741
4745
4748
4751
4755
4756
4757
4759
4764
4769
4770
4771
4772
4773
4775
4777
4778
4781
4782
4784
4785
4786
4791
4796
4801
4810
4811
4812
4815
4816
4817
4818
4820
4821
4822
4823
4824
4826
4828
4830
4832
4833
4839
4846
4847
4849
4852
4853
4855
4856
4857
4858
4859
4860
4862
4863
4865
4866
4868
4871
4872
4874
4875
4876
4877
4879
4882
4886
4887
4888
4889
4890
4892
4893
4894
4895
4896
4897
4898
4899
4900
4902
4903
4904
4905
4906
4907
4909
4910
4911
4912
4913
4914
4916
4918
4919
4920
4921
4923
4926
4927
4928
4929
4931
4934
4936
4937
4938
4939
4941
4946
4948
4949
4951
4952
4953
4955
4958
4959
4962
4968
4969
4971
4972
4975
4976
4977
4980
4982
4983
4986
4987
4988
4990
4992
4993
4995
4996
4997
4999
5001
5003
5004
5005
5007
5008
5013
5014
5016
5017
5020
5021
5022
5023
5024
5027
5028
5032
5034
5035
5036
5037
5039
5040
5043
5046
5047
5049
5051
5052
5056
5058
5059
5061
5064
5066
5068
5069
5070
5071
5073
5078
5080
5081
5082
5083
5086
5089
5090
5092
5094
5095
5096
5099
5100
5102
5103
5104
5108
5111
5112
5115
5119
5120
5121
5122
5125
5126
5127
5128
5130
5132
5135
5139
5141
5143
5145
5146
5148
5149
5150
5151
5154
5155
5156
5157
5160
5169
5170
5172
5173
5174
5176
5177
5178
5180
5181
5184
5185
5186
5188
5189
5191
5194
5195
5196
5197
5198
5200
5202
5203
5206
5208
5214
5215
5218
5219
5221
5222
5224
5227
5228
5229
5231
5236
5239
5241
5242
5243
5245
5246
5248
5249
5250
5254
5256
5257
5258
5259
5260
5261
5263
5266
5270
5272
5273
5274
5280
5283
5284
5285
5287
5289
5291
5292
5294
5299
5300
5304
5305
5307
5308
5309
5310
5317
5318
5319
5323
5324
5326
5332
5337
5338
5344
5347
5350
5352
5353
5354
5355
5356
5357
5360
5363
5367
5369
5370
5371
5372
5375
5376
5381
5382
5386
5387
5391
5393
5394
5395
5396
5397
5399
5402
5403
5405
5408
5409
5411
5412
5414
5415
5416
5418
5420
5423
5424
5427
5428
5429
5430
5431
5432
5434
5435
5436
5437
5438
5441
5442
5443
5444
5445
5446
5449
5450
5452
5456
5457
5460
5461
5466
5467
5469
5470
5473
5474
5475
5478
5479
5481
5483
5484
5486
5488
5490
5492
5493
5494
5496
5497
5498
5500
5501
5502
5503
5504
5505
5507
5508
5510
5512
5514
5515
5517
5518
5520
5521
5522
5523
5524
5527
5528
5529
5533
5534
5535
5537
5538
5540
5541
5542
5544
5545
5546
5548
5552
5556
5562
5564
5565
5566
5567
5568
5569
5570
5574
5575
5576
5577
5579
5580
5581
5582
5587
5589
5591
5594
5597
5600
5602
5603
5605
5606
5607
5608
5609
5611
5614
5616
5617
5619
5620
5621
5622
5625
5626
5627
5628
5630
5632
5635
5636
5638
5639
5640
5644
5650
5651
5652
5656
5659
5660
5661
5662
5663
5664
5665
5667
5669
5670
5672
5673
5674
5675
5676
5677
5680
5681
5685
5686
5687
5689
5691
5692
5694
5697
5699
5702
5703
5704
5706
5707
5709
5711
5712
5714
5719
5720
5721
5723
5728
5729
5730
5731
5732
5734
5735
5737
5739
5740
5741
5743
5746
5747
5749
5750
5751
5752
5754
5756
5757
5762
5764
5769
5779
5782
5784
5785
5786
5788
5790
5791
5792
5793
5799
5800
5801
5802
5803
5804
5806
5807
5809
5818
5820
5821
5823
5824
5825
5827
5828
5829
5832
5836
5838
5839
5840
5842
5846
5847
5849
5851
5854
5855
5858
5859
5861
5862
5863
5864
5865
5868
5869
5870
5871
5874
5875
5878
5880
5881
5884
5886
5887
5892
5903
5912
5914
5915
5917
5921
5922
5923
5924
5926
5929
5930
5931
5933
5934
5935
5936
5939
5941
5944
5946
5949
5950
5953
5954
5956
5958
5960
5961
5962
5965
5967
5968
5970
5971
5975
5976
5979
5980
5981
5982
5983
5985
5987
5988
5992
5993
5994
5997
5998
5999
6000
6002
6005
6006
6007
6009
6011
6012
6014
6017
6019
6021
6022
6024
6025
6026
6029
6030
6031
6032
6033
6034
6037
6038
6039
6043
6044
6047
6048
6050
6051
6052
6055
6058
6059
6060
6061
6063
6064
6071
6072
6073
6074
6075
6076
6080
6081
6082
6084
6085
6088
6089
6091
6092
6093
6094
6096
6099
6101
6102
6105
6107
6109
6111
6115
6119
6120
6121
6122
6124
6125
6127
6128
6130
6131
6132
6134
6135
6137
6140
6144
6146
6147
6149
6151
6156
6159
6160
6163
6165
6166
6167
6170
6172
6174
6178
6182
6183
6186
6187
6188
6189
6192
6193
6195
6196
6197
6198
6199
6200
6202
6204
6207
6209
6210
6212
6214
6216
6219
6223
6227
6230
6232
6233
6234
6236
6237
6240
6241
6245
6246
6247
6248
6250
6253
6254
6256
6257
6258
6261
6262
6263
6264
6265
6266
6267
6269
6270
6273
6276
6277
6282
6284
6285
6287
6288
6290
6292
6294
6295
6301
6302
6303
6306
6307
6309
6311
6314
6315
6316
6320
6321
6325
6327
6332
6333
6338
6339
6340
6341
6343
6345
6346
6347
6349
6351
6352
6354
6357
6359
6362
6363
6364
6365
6366
6370
6376
6377
6378
6379
6382
6383
6385
6386
6387
6392
6396
6398
6403
6404
6406
6408
6409
6411
6412
6414
6416
6417
6419
6420
6421
6422
6424
6425
6427
6428
6429
6432
6433
6434
6436
6437
6438
6443
6445
6446
6447
6448
6451
6457
6458
6459
6462
6466
6467
6469
6470
6471
6472
6473
6474
6475
6476
6479
6480
6481
6485
6486
6490
6491
6492
6493
6496
6498
6500
6501
6502
6504
6505
6506
6507
6508
6511
6512
6514
6516
6517
6518
6519
6520
6521
6522
6523
6524
6525
6526
6527
6529
6530
6532
6534
6535
6536
6537
6539
6540
6542
6543
6544
6548
6550
6553
6554
6560
6562
6564
6566
6567
6570
6574
6575
6580
6583
6585
6586
6587
6588
6589
6590
6591
6593
6594
6598
6603
6605
6606
6607
6608
6610
6612
6613
6614
6615
6618
6621
6622
6625
6627
6628
6629
6631
6632
6633
6634
6635
6637
6638
6642
6647
6648
6649
6650
6652
6653
6655
6657
6658
6660
6664
6665
6666
6667
6668
6669
6670
6672
6675
6676
6677
6678
6680
6681
6683
6687
6689
6694
6696
6697
6700
6703
6704
6705
6707
6708
6711
6712
6713
6715
6717
6718
6720
6721
6726
6728
6729
6732
6734
6735
6736
6737
6739
6741
6742
6743
6744
6745
6746
6751
6754
6756
6757
6759
6760
6761
6763
6765
6766
6767
6769
6771
6773
6775
6776
6779
6780
6781
6784
6785
6786
6789
6790
6792
6795
6797
6798
6800
6803
6804
6805
6807
6808
6809
6811
6815
6816
6817
6818
6819
6820
6821
6822
6824
6825
6827
6828
6831
6833
6834
6838
6840
6841
6843
6844
6847
6848
6850
6856
6857
6859
6860
6862
6864
6865
6866
6869
6870
6872
6874
6875
6876
6877
6878
6879
6880
6881
6882
6884
6885
6886
6889
6891
6892
6893
6894
6895
6896
6897
6898
6899
6902
6904
6905
6906
6910
6911
6912
6913
6914
6916
6917
6918
6919
6920
6921
6922
6925
6926
6928
6929
6930
6931
6933
6934
6935
6936
6937
6939
6942
6944
6945
6946
6948
6949
6950
6951
6952
6953
6955
6957
6962
6964
6966
6969
6972
6973
6974
6976
6977
6979
6980
6983
6988
6992
6993
6995
6996
6998
6999
7000
7002
7003
7005
7007
7008
7010
7011
7013
7014
7016
7018
7020
7024
7025
7029
7030
7031
7036
7039
7040
7043
7044
7045
7046
7048
7051
7055
7058
7059
7067
7069
7071
7072
7073
7074
7075
7076
7077
7079
7080
7081
7084
7088
7089
7092
7093
7094
7096
7101
7103
7106
7108
7109
7112
7114
7115
7116
7119
7120
7121
7122
7126
7127
7128
7129
7130
7132
7133
7138
7141
7143
7144
7145
7146
7147
7148
7149
7152
7153
7156
7157
7158
7160
7162
7163
7169
7171
7178
7179
7180
7181
7182
7183
7191
7192
7193
7197
7199
7204
7205
7206
7207
7208
7209
7211
7213
7214
7216
7217
7221
7222
7223
7228
7229
7230
7231
7233
7234
7235
7236
7237
7238
7239
7241
7242
7243
7244
7245
7247
7250
7253
7254
7255
7256
7257
7259
7261
7262
7263
7264
7267
7268
7271
7273
7280
7281
7286
7287
7289
7290
7292
7294
7295
7298
7299
7300
7302
7304
7305
7308
7310
7311
7312
7313
7315
7319
7320
7321
7322
7323
7324
7325
7326
7329
7333
7334
7338
7339
7342
7345
7346
7348
7352
7353
7355
7356
7357
7358
7359
7364
7365
7367
7369
7371
7374
7375
7376
7377
7378
7382
7383
7387
7388
7389
7390
7393
7394
7395
7397
7399
7400
7402
7404
7405
7407
7409
7410
7411
7412
7413
7414
7416
7421
7422
7423
7424
7425
7426
7427
7429
7431
7432
7433
7442
7446
7447
7450
7451
7452
7453
7455
7456
7459
7461
7462
7469
7470
7471
7473
7475
7476
7477
7479
7481
7482
7483
7484
7487
7488
7489
7490
7495
7496
7500
7501
7503
7507
7509
7513
7514
7515
7519
7521
7522
7523
7527
7528
7529
7531
7532
7534
7538
7542
7543
7544
7545
7547
7548
7551
7552
7554
7555
7556
7558
7559
7562
7565
7570
7571
7572
7574
7578
7580
7581
7586
7587
7588
7593
7596
7599
7600
7601
7602
7603
7604
7605
7606
7608
7609
7610
7612
7613
7615
7616
7617
7619
7628
7630
7631
7643
7644
7645
7648
7649
7650
7651
7652
7653
7655
7656
7657
7658
7660
7661
7663
7665
7667
7669
7670
7671
7672
7675
7677
7679
7680
7684
7685
7686
7687
7688
7692
7694
7695
7696
7697
7702
7703
7704
7706
7707
7710
7711
7712
7713
7714
7718
7719
7722
7723
7724
7727
7729
7730
7731
7734
7736
7737
7738
7740
7743
7744
7745
7747
7752
7753
7758
7761
7763
7764
7765
7766
7768
7769
7771
7773
7775
7777
7778
7779
7780
7781
7783
7784
7785
7786
7788
7789
7792
7793
7794
7795
7799
7800
7802
7803
7804
7805
7806
7809
7810
7812
7813
7814
7816
7817
7818
7823
7824
7826
7827
7828
7830
7831
7832
7833
7836
7840
7842
7843
7844
7845
7846
7847
7848
7850
7851
7853
7854
7856
7857
7858
7860
7861
7863
7864
7865
7866
7868
7869
7870
7871
7872
7875
7877
7878
7879
7880
7881
7882
7885
7886
7887
7890
7891
7892
7894
7897
7898
7899
7900
7902
7905
7906
7907
7908
7910
7911
7912
7913
7915
7920
7921
7922
7924
7925
7928
7929
7930
7931
7933
7934
7936
7937
7941
7942
7943
7949
7950
7953
7955
7956
7957
7959
7960
7961
7962
7964
7965
7966
7967
7969
7970
7973
7974
7975
7976
7977
7979
7981
7983
7984
7985
7986
7989
7990
7991
7992
7995
7997
7998
7999
8000
8001
8002
8003
8005
8006
8007
8008
8009
8011
8014
8015
8019
8020
8021
8022
8025
8026
8027
8034
8036
8037
8039
8040
8041
8042
8043
8044
8045
8046
8047
8048
8050
8051
8052
8055
8059
8062
8066
8067
8069
8072
8075
8080
8081
8082
8083
8085
8087
8089
8090
8091
8092
8095
8097
8100
8102
8106
8107
8108
8109
8111
8112
8114
8118
8120
8123
8125
8126
8127
8128
8131
8135
8136
8140
8141
8142
8143
8144
8145
8148
8150
8152
8154
8155
8158
8161
8167
8170
8171
8173
8174
8175
8177
8179
8180
8182
8183
8184
8186
8191
8192
8193
8194
8197
8198
8199
8200
8201
8202
8203
8204
8205
8208
8209
8210
8211
8212
8214
8215
8217
8219
8220
8221
8222
8224
8225
8226
8228
8230
8237
8238
8241
8243
8244
8251
8252
8253
8254
8257
8264
8268
8271
8273
8274
8275
8276
8277
8280
8281
8282
8283
8284
8285
8286
8288
8289
8290
8291
8292
8296
8298
8300
8301
8303
8305
8306
8307
8308
8312
8314
8315
8316
8319
8321
8322
8323
8326
8327
8330
8333
8334
8337
8338
8339
8341
8344
8347
8348
8349
8350
8351
8352
8355
8359
8366
8368
8370
8371
8373
8374
8375
8380
8381
8382
8387
8388
8391
8393
8394
8395
8396
8397
8400
8402
8403
8404
8406
8408
8411
8414
8415
8417
8421
8423
8425
8427
8430
8432
8434
8437
8438
8440
8441
8442
8444
8446
8447
8448
8450
8452
8454
8457
8462
8465
8466
8467
8471
8472
8474
8478
8479
8480
8481
8482
8483
8484
8490
8491
8492
8494
8499
8500
8501
8503
8505
8506
8507
8511
8512
8515
8516
8523
8524
8525
8527
8532
8533
8535
8536
8537
8538
8539
8540
8542
8545
8546
8547
8548
8550
8552
8554
8556
8560
8563
8564
8565
8566
8567
8568
8570
8572
8574
8578
8583
8587
8588
8590
8591
8592
8593
8594
8600
8603
8604
8607
8608
8609
8610
8612
8613
8615
8616
8617
8618
8619
8621
8625
8628
8632
8633
8635
8637
8641
8642
8647
8649
8650
8651
8652
8653
8654
8655
8657
8658
8659
8662
8666
8669
8671
8675
8676
8677
8680
8681
8682
8683
8684
8685
8687
8688
8689
8692
8693
8694
8695
8697
8698
8699
8700
8701
8702
8703
8704
8708
8709
8710
8713
8716
8717
8721
8722
8724
8726
8727
8729
8731
8732
8736
8738
8740
8742
8744
8748
8749
8750
8751
8753
8755
8759
8760
8764
8765
8766
8767
8768
8769
8770
8771
8772
8774
8775
8778
8780
8781
8782
8784
8785
8787
8788
8789
8791
8794
8795
8799
8800
8802
8805
8806
8808
8814
8817
8818
8819
8820
8821
8822
8825
8826
8828
8829
8831
8833
8837
8841
8846
8847
8851
8853
8855
8857
8858
8859
8860
8861
8864
8865
8867
8869
8871
8872
8873
8874
8876
8877
8878
8879
8880
8881
8882
8884
8885
8886
8887
8888
8891
8892
8893
8895
8897
8903
8904
8906
8907
8908
8909
8910
8911
8912
8914
8915
8918
8919
8920
8921
8923
8925
8926
8927
8931
8934
8937
8938
8941
8943
8944
8945
8947
8948
8949
8952
8954
8956
8958
8963
8964
8965
8968
8969
8970
8971
8972
8974
8978
8980
8983
8984
8985
8989
8990
8992
8993
8995
8998
8999
9000
9001
9004
9005
9006
9008
9011
9015
9017
9018
9020
9021
9022
9023
9026
9027
9028
9030
9031
9032
9033
9035
9036
9037
9038
9039
9040
9041
9042
9044
9045
9046
9047
9048
9049
9050
9051
9052
9054
9056
9057
9059
9060
9062
9063
9065
9066
9067
9068
9069
9070
9071
9072
9073
9075
9078
9088
9089
9090
9093
9098
9099
9103
9107
9109
9112
9118
9120
9123
9126
9127
9128
9129
9130
9134
9138
9139
9141
9142
9143
9144
9145
9148
9149
9150
9153
9154
9161
9164
9165
9166
9168
9170
9173
9174
9176
9177
9178
9179
9180
9181
9182
9186
9190
9191
9192
9195
9196
9199
9201
9202
9203
9205
9206
9207
9209
9211
9214
9215
9216
9217
9221
9222
9223
9226
9228
9234
9236
9238
9239
9241
9242
9245
9246
9249
9251
9253
9255
9257
9259
9260
9261
9262
9268
9270
9271
9272
9274
9277
9278
9280
9281
9283
9285
9286
9288
9289
9290
9292
9293
9294
9295
9296
9299
9301
9302
9304
9305
9306
9312
9313
9314
9315
9317
9318
9319
9323
9326
9330
9331
9335
9336
9337
9338
9342
9343
9345
9347
9349
9350
9353
9357
9360
9361
9362
9369
9371
9372
9373
9374
9377
9379
9381
9382
9384
9385
9386
9388
9389
9394
9395
9398
9400
9403
9405
9407
9408
9411
9412
9414
9415
9417
9418
9419
9420
9421
9425
9429
9430
9431
9433
9434
9435
9436
9437
9438
9439
9440
9442
9443
9447
9448
9450
9451
9454
9455
9456
9457
9460
9461
9462
9464
9465
9467
9468
9469
9470
9473
9477
9478
9480
9481
9482
9483
9484
9487
9489
9491
9492
9493
9494
9496
9497
9498
9499
9500
9501
9502
9503
9504
9509
9510
9512
9513
9514
9519
9520
9521
9522
9523
9524
9526
9527
9528
9529
9530
9531
9532
9533
9536
9538
9541
9542
9544
9545
9546
9548
9549
9550
9551
9552
9554
9557
9558
9560
9564
9566
9567
9568
9571
9572
9573
9574
9577
9578
9579
9581
9582
9583
9584
9586
9588
9592
9593
9596
9598
9599
9600
9603
9604
9609
9610
9611
9614
9615
9616
9618
9619
9620
9622
9623
9625
9627
9628
9629
9633
9634
9636
9638
9640
9641
9644
9645
9648
9649
9650
9652
9654
9655
9656
9657
9658
9660
9662
9664
9665
9668
9669
9670
9673
9675
9681
9682
9683
9687
9690
9691
9693
9694
9696
9697
9698
9699
9701
9703
9704
9706
9709
9711
9714
9716
9717
9719
9720
9722
9724
9725
9728
9730
9731
9733
9734
9736
9738
9739
9740
9744
9745
9746
9751
9752
9754
9756
9757
9759
9764
9765
9770
9772
9773
9778
9779
9781
9782
9785
9788
9789
9790
9792
9794
9796
9797
9798
9804
9805
9807
9808
9809
9810
9811
9812
9814
9815
9818
9821
9822
9823
9824
9829
9830
9832
9835
9836
9837
9844
9845
9846
9847
9848
9849
9851
9852
9853
9854
9855
9856
9860
9863
9864
9866
9867
9868
9870
9873
9876
9877
9879
9880
9882
9883
9887
9889
9890
9891
9892
9893
9894
9897
9898
9899
9900
9902
9903
9905
9906
9907
9908
9909
9912
9913
9915
9916
9918
9920
9921
9922
9925
9926
9928
9930
9932
9934
9935
9937
9938
9939
9941
9943
9944
9946
9948
9949
9950
9953
9956
9957
9958
9959
9960
9961
9962
9963
9965
9966
9968
9969
9972
9973
9975
9978
9982
9985
9986
9988
9989
9990
9991
9992
9993
9994
9996
9999
