833 258 1345 228 964 1697 1736 201 44 1618 1621 1399 540 1855
451 616 1751 1163 268 589 1515 1943 1971 791 924 478
769 424 1641 1993 75 1204 1396 54 1397 376
1924 1030 106 267 1710 1905 886 1564 1277 1791
514 1954 36 1508 1103 1264 1143 668 702
1672 1067 1419 208 117 1368 317 1278 255
928 195 683 1902 1007 146 1362 980 341
160 289 1856 804 203 1580 1646 1074 1306
612 677 198 1707 623 464 976 855 733
1660 675 1131 1551 304 1808 725 1532 1119
960 1895 875 396 1740 1975 1175 1980 1470
1536 455 1229 591 848 794 1371 797 1087
1286 1598 1932 798 1553 1012 534 1784 574
580 1799 843 107 491 1133 15 1969
485 1479 46 1424 1173 1653 600 442
770 1160 554 684 400 1365 887 61
355 743 77 752 305 1782 247 1464
416 1608 720 1170 116 663 765 542
930 1597 1999 530 1595 796 157 1406
515 324 1222 968 748 175 921 1309
393 814 1137 694 1462 440 1884 1471
1094 1294 1519 496 1745 1747 824 1786
1735 1039 595 1300 1203 1686 505 1951
1441 72 810 1196 20 1141 1018
1665 579 1476 105 489 1330 1723
1601 1915 680 301 1648 691 123
1062 1739 1838 143 441 219 1276
482 170 1995 1165 1358 660 1663
899 1606 233 1578 459 1489 407
257 1571 938 426 1324 1071 1232
1793 842 1370 1936 817 1210 1692
1383 1773 1010 1843 1525 1560 1340
644 4 1645 1970 1239 155
576 1004 14 434 1624 925
34 1001 1772 592 1811 1461
1091 1517 78 1014 1336 58
1794 1252 1256 81 216 1820
999 1171 181 1852 509 94
1795 104 618 1842 1718 1529
1126 1927 1106 915 120 863
130 1670 332 275 1468 541
576 1004 434 149 1624 925
294 1288 1066 1198 531 156
224 1032 781 369 986 1179
643 902 1227 242 1237 662
682 811 874 847 1295 244
259 425 521 880 536 1788
453 456 1803 1069 1583 309
1824 1447 329 1195 1259 1853
389 1870 1687 570 1787 1823
1152 488 1480 1546 1567 447
1159 1096 1033 1647 627 828
1675 1228 657 786 1042 1086
1283 744 1395 1079 953 1725
773 935 1643 1107 1977 1535
866 1257 1290 1738 1814 1599
8 1802 1068 751 310
1089 1070 19 568 1981
320 546 1013 24 1022
1157 42 630 1882 316
408 134 1997 333 56
1697 258 201 150 1399
1249 1766 1352 1416 171
1828 365 912 178 1719
840 1130 1521 185 1945
196 1292 435 1465 732
676 200 1177 954 638
1637 966 263 685 337
1155 486 1299 1075 279
1830 1703 402 280 1821
288 1378 1540 1957 913
449 291 1897 1231 730
354 774 750 312 1437
1763 1253 1582 313 634
390 1482 688 1908 823
1996 397 1134 1683 981
1218 1000 1544 399 475
448 516 522 1917 1375
1513 940 789 601 1214
839 659 1334 1753 1436
1088 681 758 1848 1502
772 1865 1931 1388 793
1095 1129 1684 1526 891
1863 969 1034 1496 1631
1184 25 1373 1135
1021 1201 1428 53
1726 565 599 55
1224 90 1386 967
1744 401 747 110
537 975 251 119
151 1389 1333 127
1831 140 756 807
1045 805 174 1197
1872 1667 229 1311
266 932 1125 1255
1072 1097 276 1657
1813 573 1566 383
1760 420 1445 1422
465 932 1125 1255
937 946 1355 519
945 1348 1604 567
784 1711 1158 647
664 1017 1586 1890
816 1040 1458 780
834 1203 1300 1735
892 845 1262 1798
1282 1557 1364 877
1104 1746 1730 1805
1520 1661 1270 1463
17 1602 303
1344 59 1303
98 1499 62
499 124 79
82 1554 965
1737 876 101
169 386 1887
384 560 212
248 1497 1630
1169 254 695
1516 261 1167
1860 269 1486
1304 1634 307
851 1780 318
1392 617 319
344 1251 1302
1590 358 831
1976 362 1339
368 885 1247
1320 1305 428
1058 1116 461
1193 507 1374
528 1781 1341
556 934 1558
1640 637 1279
846 1433 646
1273 844 653
896 658 1875
785 762 1834
1402 1323 813
849 1922 1644
1185 850 1659
864 1168 1678
1233 1990 903
1880 1804 959
1715 1102 1655
1859 1556 1845
3 1439
11 1243
152 35
41 1938
45 414
49 234
67 1574
73 194
1194 83
89 1972
97 884
1139 109
144 898
145 1346
480 166
172 709
177 571
186 1694
218 346
220 1429
252 1941
256 470
260 1085
1721 278
331 284
300 1223
561 335
800 340
1216 359
360 1205
372 1495
379 1511
410 878
757 413
1937 415
419 1956
1098 431
436 549
1865 446
1241 452
460 1061
472 463
490 1501
1841 498
512 1997
737 523
1083 525
587 1638
597 1967
1664 642
1603 651
1280 687
689 1035
712 1338
739 1127
1827 755
777 1758
1225 799
1337 852
1188 901
920 910
1355 926
1581 941
994 1435
1986 997
1260 1029
1940 1054
1939 1100
1624 1110
1724 1132
1260 1181
1289 1182
1596 1325
1354 1332
1713 1342
1393 1927
1408 1427
1869 1415
1449 1834
1675 1500
1531 1735
1594 1642
1987 1607
1656 1658
1729 1862
1898 1891
1
2
5
6
7
9
10
12
13
16
18
21
22
23
26
27
28
29
30
31
32
33
37
38
39
40
43
47
48
50
51
52
57
60
63
64
65
66
68
69
70
71
74
76
80
84
85
86
87
88
91
92
93
95
96
99
100
102
103
108
111
112
113
114
115
118
121
122
125
126
128
129
131
132
133
135
136
137
138
139
141
142
147
148
153
154
158
159
161
162
163
164
165
167
168
173
176
179
180
182
183
184
187
188
189
190
191
192
193
197
199
202
204
205
206
207
209
210
211
213
214
215
217
221
222
223
225
226
227
230
231
232
235
236
237
238
239
240
241
243
245
246
249
250
253
262
264
265
270
271
272
273
274
277
281
282
283
285
286
287
290
292
293
295
296
297
298
299
302
306
308
311
314
315
321
322
323
325
326
327
328
330
334
336
338
339
342
343
345
347
348
349
350
351
352
353
356
357
361
363
364
366
367
370
371
373
374
375
377
378
380
381
382
385
387
388
391
392
394
395
398
403
404
405
406
409
411
412
417
418
421
422
423
427
429
430
432
433
437
438
439
443
444
445
450
454
457
458
462
466
467
468
469
471
473
474
476
477
479
481
483
484
487
492
493
494
495
497
500
501
502
503
504
506
508
510
511
513
517
518
520
524
526
527
529
532
533
535
538
539
543
544
545
547
548
550
551
552
553
555
557
558
559
562
563
564
566
569
572
575
577
578
581
582
583
584
585
586
588
590
593
594
596
598
602
603
604
605
606
607
608
609
610
611
613
614
615
619
620
621
622
624
625
626
628
629
631
632
633
635
636
639
640
641
645
648
649
650
652
654
655
656
661
665
666
667
669
670
671
672
673
674
678
679
686
690
692
693
696
697
698
699
700
701
703
704
705
706
707
708
710
711
713
714
715
716
717
718
719
721
722
723
724
726
727
728
729
731
734
735
736
738
740
741
742
745
746
749
753
754
759
760
761
763
764
766
767
768
771
775
776
778
779
782
783
787
788
790
792
795
801
802
803
806
808
809
812
815
818
819
820
821
822
825
826
827
829
830
832
835
836
837
838
841
853
854
856
857
858
859
860
861
862
865
867
868
869
870
871
872
873
879
881
882
883
888
889
890
893
894
895
897
900
904
905
906
907
908
909
911
914
916
917
918
919
922
923
927
929
931
933
936
939
942
943
944
947
948
949
950
951
952
955
956
957
958
961
962
963
970
971
972
973
974
977
978
979
982
983
984
985
987
988
989
990
991
992
993
995
996
998
1002
1003
1005
1006
1008
1009
1011
1015
1016
1019
1020
1023
1024
1025
1026
1027
1028
1031
1036
1037
1038
1041
1043
1044
1046
1047
1048
1049
1050
1051
1052
1053
1055
1056
1057
1059
1060
1063
1064
1065
1073
1076
1077
1078
1080
1081
1082
1084
1090
1092
1093
1099
1101
1105
1108
1109
1111
1112
1113
1114
1115
1117
1118
1120
1121
1122
1123
1124
1128
1136
1138
1140
1142
1144
1145
1146
1147
1148
1149
1150
1151
1153
1154
1156
1161
1162
1164
1166
1172
1174
1176
1178
1180
1183
1186
1187
1189
1190
1191
1192
1199
1200
1202
1206
1207
1208
1209
1211
1212
1213
1215
1217
1219
1220
1221
1226
1230
1234
1235
1236
1238
1240
1242
1244
1245
1246
1248
1250
1254
1258
1261
1263
1265
1266
1267
1268
1269
1271
1272
1274
1275
1281
1284
1285
1287
1291
1293
1296
1297
1298
1301
1307
1308
1310
1312
1313
1314
1315
1316
1317
1318
1319
1321
1322
1326
1327
1328
1329
1331
1335
1343
1347
1349
1350
1351
1353
1356
1357
1359
1360
1361
1363
1366
1367
1369
1372
1376
1377
1379
1380
1381
1382
1384
1385
1387
1390
1391
1394
1398
1400
1401
1403
1404
1405
1407
1409
1410
1411
1412
1413
1414
1417
1418
1420
1421
1423
1425
1426
1430
1431
1432
1434
1438
1440
1442
1443
1444
1446
1448
1450
1451
1452
1453
1454
1455
1456
1457
1459
1460
1466
1467
1469
1472
1473
1474
1475
1477
1478
1481
1483
1484
1485
1487
1488
1490
1491
1492
1493
1494
1498
1503
1504
1505
1506
1507
1509
1510
1512
1514
1518
1522
1523
1524
1527
1528
1530
1533
1534
1537
1538
1539
1541
1542
1543
1545
1547
1548
1549
1550
1552
1555
1559
1561
1562
1563
1565
1568
1569
1570
1572
1573
1575
1576
1577
1579
1584
1585
1587
1588
1589
1591
1592
1593
1600
1605
1609
1610
1611
1612
1613
1614
1615
1616
1617
1619
1620
1622
1623
1625
1626
1627
1628
1629
1632
1633
1635
1636
1639
1649
1650
1651
1652
1654
1662
1666
1668
1669
1671
1673
1674
1676
1677
1679
1680
1681
1682
1685
1688
1689
1690
1691
1693
1695
1696
1698
1699
1700
1701
1702
1704
1705
1706
1708
1709
1712
1714
1716
1717
1720
1722
1727
1728
1731
1732
1733
1734
1741
1742
1743
1748
1749
1750
1752
1754
1755
1756
1757
1759
1761
1762
1764
1765
1767
1768
1769
1770
1771
1774
1775
1776
1777
1778
1779
1783
1785
1789
1790
1792
1796
1797
1800
1801
1806
1807
1809
1810
1812
1815
1816
1817
1818
1819
1822
1825
1826
1829
1832
1833
1835
1836
1837
1839
1840
1844
1846
1847
1849
1850
1851
1854
1857
1858
1861
1864
1866
1867
1868
1871
1873
1874
1876
1877
1878
1879
1881
1883
1885
1886
1888
1889
1892
1893
1894
1896
1899
1900
1901
1903
1904
1906
1907
1909
1910
1911
1912
1913
1914
1916
1918
1919
1920
1921
1923
1925
1926
1928
1929
1930
1933
1934
1935
1942
1944
1946
1947
1948
1949
1950
1952
1953
1955
1958
1959
1960
1961
1962
1963
1964
1965
1966
1968
1973
1974
1978
1979
1982
1983
1984
1985
1988
1989
1991
1992
1994
1998
2000
