255 261 234 139 117 277 26 251 223
192 106 271 180 56 216 63
33 167 136 201 48 119
37 209 120 123 61
163 137 298 51 151
81 130 3 54
160 291 6 183
96 12 189 126
202 18 267 222
185 28 249 150
152 65 300 168
177 210 94 79
25 91 5
8 10 30
147 182 14
169 187 46
50 164 190
64 93 206
82 76 198
237 142 295
279 287 199
264 228 205
1 17
289 22
35 71
236 38
42 127
72 266
128 85
104 134
193 114
115 254
155 174
227 276
240 249
2
4
7
9
11
13
15
16
19
20
21
23
24
27
29
31
32
34
36
39
40
41
43
44
45
47
49
52
53
55
57
58
59
60
62
66
67
68
69
70
73
74
75
77
78
80
83
84
86
87
88
89
90
92
95
97
98
99
100
101
102
103
105
107
108
109
110
111
112
113
116
118
121
122
124
125
129
131
132
133
135
138
140
141
143
144
145
146
148
149
153
154
156
157
158
159
161
162
165
166
170
171
172
173
175
176
178
179
181
184
186
188
191
194
195
196
197
200
203
204
207
208
211
212
213
214
215
217
218
219
220
221
224
225
226
229
230
231
232
233
235
238
239
241
242
243
244
245
246
247
248
250
252
253
256
257
258
259
260
262
263
265
268
269
270
272
273
274
275
278
280
281
282
283
284
285
286
288
290
292
293
294
296
297
299
